###############
#    Sets     #
###############
#
set MODE_OF_OPERATION := 1 ;
set EMISSION := CO2 CH4 ;
set FUEL := BM BM_Distribution BM_Industry BM_Residential DS DS_Distribution DS_Industry DS_Others DS_Transport EL_Distribution EL_Industry EL_Others EL_Residential EL_Services EL_Transmission EL_Transport HF HF_Distribution HF_Export HF_Industry HF_Others HF_Residential HF_Services HF_Transport NG NG_Distribution NG_Export NG_Industry NG_Others NG_Residential NG_Services NG_Transport ;
set REGION := Atlantis_00A ;
set STORAGE := DAM ;
set YEAR := 2014 2015 2016 2017 2018 2019 2020 2021 2022 2023 2024 2025 2026 2027 2028 2029 2030 2031 2032 2033 2034 2035 2036 2037 2038 2039 2040 2041 2042 2043 2044 2045 2046 2047 2048 2049 2050 2051 2052 2053 2054 2055 ;
set TECHNOLOGY := BM_IMP BM_IND BM_RES BM_SC CONS_BM CONS_DS CONS_HF CONS_NG DIST_IND DIST_OTH DIST_RES DIST_SER DIST_TRA DS_IMP DS_IND DS_OTH DS_TRA DSGC EXP_HF EXP_NG GT_FC HF_IMP HF_IND HF_OTH HF_RES HF_SER HF_TRA HYDRO_DAM HYDRO_MIN NG_IMP NG_IND NG_OTH NG_RES NG_SER NG_TRA NGCC NGSC PV_ROF PV_UTL TRANS WIND ;
set TIMESLICE := ID IN SD SN WD WN ;


#####################
#    Parameters     #
#####################
#
param AccumulatedAnnualDemand default 0 :=
[Atlantis_00A,*,*]:
2014 2015 2016 2017 2018 2019 2020 2021 2022 2023 2024 2025 2026 2027 2028 2029 2030 2031 2032 2033 2034 2035 2036 2037 2038 2039 2040 2041 2042 2043 2044 2045 2046 2047 2048 2049 2050 2051 2052 2053 2054 2055:=
BM_Industry 25.65 24.75 26.64 28.92 28.6 24.51 27.22 20.62 21.66 21.89 22.13 22.36 22.6 22.84 23.08 23.33 23.51 23.51 23.51 23.51 23.51 23.51 23.97 24.43 24.91 25.4 25.81 26 26.2 26.39 26.59 26.79 26.99 27.19 27.4 27.61 27.75 27.95 28.16 28.38 28.59 28.81
BM_Residential 5.83 4.75 4.77 4.48 4.53 3.19 3.92 2.82 2.75 2.8 2.86 2.92 2.97 3.03 3.1 3.16 3.19 3.19 3.2 3.2 3.2 3.21 3.22 3.23 3.24 3.25 3.27 3.25 3.23 3.21 3.19 3.17 3.15 3.13 3.12 3.1 3.07 3.06 3.04 3.02 3 2.98
DS_Industry 2.32 2.3 1.75 2.52 2.47 2.24 1.57 2.15 2.09 2.02 1.97 1.95 1.93 1.79 1.78 1.81 1.83 1.72 1.69 1.66 1.63 1.6 1.57 1.55 1.51 1.46 1.43 1.41 1.37 1.34 1.31 1.27 1.24 1.2 1.17 1.14 1.11 1.08 1.04 1.01 0.98 0.94
DS_Others 5.04 5.01 5.06 5.35 5.78 5.95 6.07 6.31 6.53 6.75 6.97 7.19 7.42 7.65 7.88 8.11 8.32 8.52 8.73 8.93 9.16 9.41 9.63 9.84 10.04 10.27 10.5 10.72 10.94 11.15 11.37 11.59 11.81 12.03 12.25 12.47 12.69 12.91 13.13 13.35 13.57 13.78
DS_Transport 52.54 53.42 55.31 59.85 61.3 61.35 52.94 63.36 66.24 69.17 72.39 76 79.91 83.17 83.47 85.82 87.99 90.06 92.16 94.37 96.8 99.49 102.13 104.78 107.76 110.78 113.68 115.41 117.73 120.02 122.3 124.61 127.01 129.57 132.28 134.84 137.4 139.96 142.49 144.97 147.42 149.84
HF_Industry 8.41 8.04 7.24 6.91 6.42 7.68 4.19 4.04 3.98 4.04 4.1 4.16 4.22 4.28 4.35 4.42 4.46 4.47 4.48 4.49 4.5 4.51 4.52 4.54 4.55 4.57 4.58 4.58 4.58 4.58 4.59 4.59 4.59 4.59 4.59 4.59 4.59 4.59 4.59 4.59 4.59 4.6
HF_Residential 19.14 19.71 20.04 20.09 20.82 21.06 20.09 22.23 22.86 22.58 22.31 22.04 21.77 21.51 21.25 20.99 20.65 20.39 20.14 19.88 19.63 19.36 19.18 19.01 18.83 18.66 18.48 18.38 18.29 18.19 18.1 18.01 17.91 17.82 17.73 17.64 17.53 17.44 17.35 17.26 17.17 17.08
HF_Services 0.53 0.53 0.57 0.59 0.54 0.59 0.43 0.68 0.78 0.79 0.79 0.8 0.81 0.82 0.83 0.84 0.85 0.85 0.86 0.87 0.88 0.88 0.89 0.89 0.9 0.9 0.9 0.9 0.9 0.9 0.9 0.9 0.9 0.89 0.89 0.89 0.89 0.89 0.89 0.89 0.89 0.89
HF_Transport 104.27 108.94 115.46 123.57 128.08 129.66 107.6 136.86 148.77 150.74 152.72 154.74 156.78 158.85 160.94 163.07 164.47 167.17 169.91 172.7 175.53 177.96 179.93 181.93 183.95 186 187.84 188.54 189.25 189.95 190.66 191.37 192.08 192.8 193.52 194.24 194.85 195.57 196.3 197.03 197.77 198.5
NG_Industry 31.94 32.04 32.34 31.52 31.44 31.04 27.3 31.67 32.88 33.51 34.15 34.8 35.46 36.14 36.83 37.53 37.9 38.41 38.92 39.45 39.98 40.44 40.91 41.38 41.85 42.33 42.77 43.05 43.34 43.64 43.93 44.22 44.52 44.82 45.12 45.43 45.64 45.95 46.26 46.57 46.88 47.2
NG_Residential 3.81 4.44 5.04 5.56 5.7 6.18 7.25 6.95 7.39 7.58 7.79 8 8.21 8.43 8.66 8.89 8.98 9.14 9.31 9.49 9.66 9.81 9.94 10.08 10.21 10.35 10.48 10.57 10.67 10.77 10.86 10.96 11.06 11.16 11.27 11.37 11.43 11.54 11.64 11.75 11.86 11.97
NG_Services 1.69 1.78 1.93 2.05 2.19 2.25 1.73 2.21 3.29 3.39 3.48 3.58 3.68 3.78 3.89 4 4.04 4.08 4.12 4.17 4.21 4.26 4.31 4.37 4.43 4.49 4.44 4.47 4.5 4.54 4.57 4.61 4.64 4.67 4.71 4.74 4.77 4.8 4.84 4.87 4.91 4.95
NG_Transport 23.61 24.14 24.66 25.84 27.39 27.67 18.43 24.48 25.79 26.3 26.83 27.36 27.9 28.45 29.02 29.59 29.89 30.64 31.41 32.2 33.02 33.65 34.6 35.58 36.58 37.62 38.4 38.86 39.32 39.79 40.27 40.75 41.24 41.73 42.23 42.73 42.99 43.5 44.02 44.55 45.08 45.62
;

param AnnualEmissionLimit default 99999 :=
;

param AnnualExogenousEmission default 0 :=
;

param AvailabilityFactor default 1 :=
[Atlantis_00A,*,*]:
2014 2015 2016 2017 2018 2019 2020 2021 2022 2023 2024 2025 2026 2027 2028 2029 2030 2031 2032 2033 2034 2035 2036 2037 2038 2039 2040 2041 2042 2043 2044 2045 2046 2047 2048 2049 2050 2051 2052 2053 2054 2055:=
BM_SC 0.87 0.87 0.87 0.87 0.87 0.87 0.87 0.87 0.87 0.87 0.87 0.87 0.87 0.87 0.87 0.87 0.87 0.87 0.87 0.87 0.87 0.87 0.87 0.87 0.87 0.87 0.87 0.87 0.87 0.87 0.87 0.87 0.87 0.87 0.87 0.87 0.87 0.87 0.87 0.87 0.87 0.87
DSGC 0.87 0.87 0.87 0.87 0.87 0.87 0.87 0.87 0.87 0.87 0.87 0.87 0.87 0.87 0.87 0.87 0.87 0.87 0.87 0.87 0.87 0.87 0.87 0.87 0.87 0.87 0.87 0.87 0.87 0.87 0.87 0.87 0.87 0.87 0.87 0.87 0.87 0.87 0.87 0.87 0.87 0.87
GT_FC 0.93 0.93 0.93 0.93 0.93 0.93 0.93 0.93 0.93 0.93 0.93 0.93 0.93 0.93 0.93 0.93 0.93 0.93 0.93 0.93 0.93 0.93 0.93 0.93 0.93 0.93 0.93 0.93 0.93 0.93 0.93 0.93 0.93 0.93 0.93 0.93 0.93 0.93 0.93 0.93 0.93 0.93
HYDRO_DAM 0.96 0.96 0.96 0.96 0.96 0.96 0.96 0.96 0.96 0.96 0.96 0.96 0.96 0.96 0.96 0.96 0.96 0.96 0.96 0.96 0.96 0.96 0.96 0.96 0.96 0.96 0.96 0.96 0.96 0.96 0.96 0.96 0.96 0.96 0.96 0.96 0.96 0.96 0.96 0.96 0.96 0.96
HYDRO_MIN 0.96 0.96 0.96 0.96 0.96 0.96 0.96 0.96 0.96 0.96 0.96 0.96 0.96 0.96 0.96 0.96 0.96 0.96 0.96 0.96 0.96 0.96 0.96 0.96 0.96 0.96 0.96 0.96 0.96 0.96 0.96 0.96 0.96 0.96 0.96 0.96 0.96 0.96 0.96 0.96 0.96 0.96
NGCC 0.87 0.87 0.87 0.87 0.87 0.87 0.87 0.87 0.87 0.87 0.87 0.87 0.87 0.87 0.87 0.87 0.87 0.87 0.87 0.87 0.87 0.87 0.87 0.87 0.87 0.87 0.87 0.87 0.87 0.87 0.87 0.87 0.87 0.87 0.87 0.87 0.87 0.87 0.87 0.87 0.87 0.87
NGSC 0.87 0.87 0.87 0.87 0.87 0.87 0.87 0.87 0.87 0.87 0.87 0.87 0.87 0.87 0.87 0.87 0.87 0.87 0.87 0.87 0.87 0.87 0.87 0.87 0.87 0.87 0.87 0.87 0.87 0.87 0.87 0.87 0.87 0.87 0.87 0.87 0.87 0.87 0.87 0.87 0.87 0.87
PV_ROF 0.99 0.99 0.99 0.99 0.99 0.99 0.99 0.99 0.99 0.99 0.99 0.99 0.99 0.99 0.99 0.99 0.99 0.99 0.99 0.99 0.99 0.99 0.99 0.99 0.99 0.99 0.99 0.99 0.99 0.99 0.99 0.99 0.99 0.99 0.99 0.99 0.99 0.99 0.99 0.99 0.99 0.99
PV_UTL 0.99 0.99 0.99 0.99 0.99 0.99 0.99 0.99 0.99 0.99 0.99 0.99 0.99 0.99 0.99 0.99 0.99 0.99 0.99 0.99 0.99 0.99 0.99 0.99 0.99 0.99 0.99 0.99 0.99 0.99 0.99 0.99 0.99 0.99 0.99 0.99 0.99 0.99 0.99 0.99 0.99 0.99
WIND 0.96 0.96 0.96 0.96 0.96 0.96 0.96 0.96 0.96 0.96 0.96 0.96 0.96 0.96 0.96 0.96 0.96 0.96 0.96 0.96 0.96 0.96 0.96 0.96 0.96 0.96 0.96 1 1 1 1 1 1 1 1 1 1 1 1 1 1 1
;

param CapacityFactor default 1 :=
[Atlantis_00A,BM_SC,*,*]:
2014 2015 2016 2017 2018 2019 2020 2021 2022 2023 2024 2025 2026 2027 2028 2029 2030 2031 2032 2033 2034 2035 2036 2037 2038 2039 2040 2041 2042 2043 2044 2045 2046 2047 2048 2049 2050 2051 2052 2053 2054 2055:=
ID 0.5 0.5 0.5 0.5 0.5 0.5 0.5 0.5 0.5 0.5 0.5 0.5 0.5 0.5 0.5 0.5 0.5 0.5 0.5 0.5 0.5 0.5 0.5 0.5 0.5 0.5 0.5 0.5 0.5 0.5 0.5 0.5 0.5 0.5 0.5 0.5 0.5 0.5 0.5 0.5 0.5 0.5
IN 0.5 0.5 0.5 0.5 0.5 0.5 0.5 0.5 0.5 0.5 0.5 0.5 0.5 0.5 0.5 0.5 0.5 0.5 0.5 0.5 0.5 0.5 0.5 0.5 0.5 0.5 0.5 0.5 0.5 0.5 0.5 0.5 0.5 0.5 0.5 0.5 0.5 0.5 0.5 0.5 0.5 0.5
SD 0.8 0.8 0.8 0.8 0.8 0.8 0.8 0.8 0.8 0.8 0.8 0.8 0.8 0.8 0.8 0.8 0.8 0.8 0.8 0.8 0.8 0.8 0.8 0.8 0.8 0.8 0.8 0.8 0.8 0.8 0.8 0.8 0.8 0.8 0.8 0.8 0.8 0.8 0.8 0.8 0.8 0.8
SN 0.8 0.8 0.8 0.8 0.8 0.8 0.8 0.8 0.8 0.8 0.8 0.8 0.8 0.8 0.8 0.8 0.8 0.8 0.8 0.8 0.8 0.8 0.8 0.8 0.8 0.8 0.8 0.8 0.8 0.8 0.8 0.8 0.8 0.8 0.8 0.8 0.8 0.8 0.8 0.8 0.8 0.8
WD 0.2 0.2 0.2 0.2 0.2 0.2 0.2 0.2 0.2 0.2 0.2 0.2 0.2 0.2 0.2 0.2 0.2 0.2 0.2 0.2 0.2 0.2 0.2 0.2 0.2 0.2 0.2 0.2 0.2 0.2 0.2 0.2 0.2 0.2 0.2 0.2 0.2 0.2 0.2 0.2 0.2 0.2
WN 0.2 0.2 0.2 0.2 0.2 0.2 0.2 0.2 0.2 0.2 0.2 0.2 0.2 0.2 0.2 0.2 0.2 0.2 0.2 0.2 0.2 0.2 0.2 0.2 0.2 0.2 0.2 0.2 0.2 0.2 0.2 0.2 0.2 0.2 0.2 0.2 0.2 0.2 0.2 0.2 0.2 0.2
[Atlantis_00A,GT_FC,*,*]:
2014 2015 2016 2017 2018 2019 2020 2021 2022 2023 2024 2025 2026 2027 2028 2029 2030 2031 2032 2033 2034 2035 2036 2037 2038 2039 2040 2041 2042 2043 2044 2045 2046 2047 2048 2049 2050 2051 2052 2053 2054 2055:=
ID 0.76 0.76 0.76 0.76 0.76 0.76 0.76 0.76 0.76 0.76 0.76 0.76 0.76 0.76 0.76 0.76 0.76 0.76 0.76 0.76 0.76 0.76 0.76 0.76 0.76 0.76 0.76 0.76 0.76 0.76 0.76 0.76 0.76 0.76 0.76 0.76 0.76 0.76 0.76 0.76 0.76 0.76
IN 0.76 0.76 0.76 0.76 0.76 0.76 0.76 0.76 0.76 0.76 0.76 0.76 0.76 0.76 0.76 0.76 0.76 0.76 0.76 0.76 0.76 0.76 0.76 0.76 0.76 0.76 0.76 0.76 0.76 0.76 0.76 0.76 0.76 0.76 0.76 0.76 0.76 0.76 0.76 0.76 0.76 0.76
SD 0.76 0.76 0.76 0.76 0.76 0.76 0.76 0.76 0.76 0.76 0.76 0.76 0.76 0.76 0.76 0.76 0.76 0.76 0.76 0.76 0.76 0.76 0.76 0.76 0.76 0.76 0.76 0.76 0.76 0.76 0.76 0.76 0.76 0.76 0.76 0.76 0.76 0.76 0.76 0.76 0.76 0.76
SN 0.76 0.76 0.76 0.76 0.76 0.76 0.76 0.76 0.76 0.76 0.76 0.76 0.76 0.76 0.76 0.76 0.76 0.76 0.76 0.76 0.76 0.76 0.76 0.76 0.76 0.76 0.76 0.76 0.76 0.76 0.76 0.76 0.76 0.76 0.76 0.76 0.76 0.76 0.76 0.76 0.76 0.76
WD 0.76 0.76 0.76 0.76 0.76 0.76 0.76 0.76 0.76 0.76 0.76 0.76 0.76 0.76 0.76 0.76 0.76 0.76 0.76 0.76 0.76 0.76 0.76 0.76 0.76 0.76 0.76 0.76 0.76 0.76 0.76 0.76 0.76 0.76 0.76 0.76 0.76 0.76 0.76 0.76 0.76 0.76
WN 0.76 0.76 0.76 0.76 0.76 0.76 0.76 0.76 0.76 0.76 0.76 0.76 0.76 0.76 0.76 0.76 0.76 0.76 0.76 0.76 0.76 0.76 0.76 0.76 0.76 0.76 0.76 0.76 0.76 0.76 0.76 0.76 0.76 0.76 0.76 0.76 0.76 0.76 0.76 0.76 0.76 0.76
[Atlantis_00A,HYDRO_DAM,*,*]:
2014 2015 2016 2017 2018 2019 2020 2021 2022 2023 2024 2025 2026 2027 2028 2029 2030 2031 2032 2033 2034 2035 2036 2037 2038 2039 2040 2041 2042 2043 2044 2045 2046 2047 2048 2049 2050 2051 2052 2053 2054 2055:=
ID 0.5955 0.5955 0.5955 0.5955 0.5955 0.5955 0.5955 0.5955 0.5955 0.5955 0.5955 0.5955 0.5955 0.5955 0.5955 0.5955 0.5955 0.5955 0.5955 0.5955 0.5955 0.5955 0.5955 0.5955 0.5955 0.5955 0.5955 0.5955 0.5955 0.5955 0.5955 0.5955 0.5955 0.5955 0.5955 0.5955 0.5955 0.5955 0.5955 0.5955 0.5955 0.5955
IN 0.5955 0.5955 0.5955 0.5955 0.5955 0.5955 0.5955 0.5955 0.5955 0.5955 0.5955 0.5955 0.5955 0.5955 0.5955 0.5955 0.5955 0.5955 0.5955 0.5955 0.5955 0.5955 0.5955 0.5955 0.5955 0.5955 0.5955 0.5955 0.5955 0.5955 0.5955 0.5955 0.5955 0.5955 0.5955 0.5955 0.5955 0.5955 0.5955 0.5955 0.5955 0.5955
SD 0.5482 0.5482 0.5482 0.5482 0.5482 0.5482 0.5482 0.5482 0.5482 0.5482 0.5482 0.5482 0.5482 0.5482 0.5482 0.5482 0.5482 0.5482 0.5482 0.5482 0.5482 0.5482 0.5482 0.5482 0.5482 0.5482 0.5482 0.5482 0.5482 0.5482 0.5482 0.5482 0.5482 0.5482 0.5482 0.5482 0.5482 0.5482 0.5482 0.5482 0.5482 0.5482
SN 0.5482 0.5482 0.5482 0.5482 0.5482 0.5482 0.5482 0.5482 0.5482 0.5482 0.5482 0.5482 0.5482 0.5482 0.5482 0.5482 0.5482 0.5482 0.5482 0.5482 0.5482 0.5482 0.5482 0.5482 0.5482 0.5482 0.5482 0.5482 0.5482 0.5482 0.5482 0.5482 0.5482 0.5482 0.5482 0.5482 0.5482 0.5482 0.5482 0.5482 0.5482 0.5482
WD 0.4912 0.4912 0.4912 0.4912 0.4912 0.4912 0.4912 0.4912 0.4912 0.4912 0.4912 0.4912 0.4912 0.4912 0.4912 0.4912 0.4912 0.4912 0.4912 0.4912 0.4912 0.4912 0.4912 0.4912 0.4912 0.4912 0.4912 0.4912 0.4912 0.4912 0.4912 0.4912 0.4912 0.4912 0.4912 0.4912 0.4912 0.4912 0.4912 0.4912 0.4912 0.4912
WN 0.4912 0.4912 0.4912 0.4912 0.4912 0.4912 0.4912 0.4912 0.4912 0.4912 0.4912 0.4912 0.4912 0.4912 0.4912 0.4912 0.4912 0.4912 0.4912 0.4912 0.4912 0.4912 0.4912 0.4912 0.4912 0.4912 0.4912 0.4912 0.4912 0.4912 0.4912 0.4912 0.4912 0.4912 0.4912 0.4912 0.4912 0.4912 0.4912 0.4912 0.4912 0.4912
[Atlantis_00A,HYDRO_MIN,*,*]:
2014 2015 2016 2017 2018 2019 2020 2021 2022 2023 2024 2025 2026 2027 2028 2029 2030 2031 2032 2033 2034 2035 2036 2037 2038 2039 2040 2041 2042 2043 2044 2045 2046 2047 2048 2049 2050 2051 2052 2053 2054 2055:=
ID 0.5524 0.5524 0.5524 0.5524 0.5524 0.5524 0.5524 0.5524 0.5524 0.5524 0.5524 0.5524 0.5524 0.5524 0.5524 0.5524 0.5524 0.5524 0.5524 0.5524 0.5524 0.5524 0.5524 0.5524 0.5524 0.5524 0.5524 0.5524 0.5524 0.5524 0.5524 0.5524 0.5524 0.5524 0.5524 0.5524 0.5524 0.5524 0.5524 0.5524 0.5524 0.5524
IN 0.5524 0.5524 0.5524 0.5524 0.5524 0.5524 0.5524 0.5524 0.5524 0.5524 0.5524 0.5524 0.5524 0.5524 0.5524 0.5524 0.5524 0.5524 0.5524 0.5524 0.5524 0.5524 0.5524 0.5524 0.5524 0.5524 0.5524 0.5524 0.5524 0.5524 0.5524 0.5524 0.5524 0.5524 0.5524 0.5524 0.5524 0.5524 0.5524 0.5524 0.5524 0.5524
SD 0.5822 0.5822 0.5822 0.5822 0.5822 0.5822 0.5822 0.5822 0.5822 0.5822 0.5822 0.5822 0.5822 0.5822 0.5822 0.5822 0.5822 0.5822 0.5822 0.5822 0.5822 0.5822 0.5822 0.5822 0.5822 0.5822 0.5822 0.5822 0.5822 0.5822 0.5822 0.5822 0.5822 0.5822 0.5822 0.5822 0.5822 0.5822 0.5822 0.5822 0.5822 0.5822
SN 0.5822 0.5822 0.5822 0.5822 0.5822 0.5822 0.5822 0.5822 0.5822 0.5822 0.5822 0.5822 0.5822 0.5822 0.5822 0.5822 0.5822 0.5822 0.5822 0.5822 0.5822 0.5822 0.5822 0.5822 0.5822 0.5822 0.5822 0.5822 0.5822 0.5822 0.5822 0.5822 0.5822 0.5822 0.5822 0.5822 0.5822 0.5822 0.5822 0.5822 0.5822 0.5822
WD 0.3793 0.3793 0.3793 0.3793 0.3793 0.3793 0.3793 0.3793 0.3793 0.3793 0.3793 0.3793 0.3793 0.3793 0.3793 0.3793 0.3793 0.3793 0.3793 0.3793 0.3793 0.3793 0.3793 0.3793 0.3793 0.3793 0.3793 0.3793 0.3793 0.3793 0.3793 0.3793 0.3793 0.3793 0.3793 0.3793 0.3793 0.3793 0.3793 0.3793 0.3793 0.3793
WN 0.3793 0.3793 0.3793 0.3793 0.3793 0.3793 0.3793 0.3793 0.3793 0.3793 0.3793 0.3793 0.3793 0.3793 0.3793 0.3793 0.3793 0.3793 0.3793 0.3793 0.3793 0.3793 0.3793 0.3793 0.3793 0.3793 0.3793 0.3793 0.3793 0.3793 0.3793 0.3793 0.3793 0.3793 0.3793 0.3793 0.3793 0.3793 0.3793 0.3793 0.3793 0.3793
[Atlantis_00A,PV_ROF,*,*]:
2014 2015 2016 2017 2018 2019 2020 2021 2022 2023 2024 2025 2026 2027 2028 2029 2030 2031 2032 2033 2034 2035 2036 2037 2038 2039 2040 2041 2042 2043 2044 2045 2046 2047 2048 2049 2050 2051 2052 2053 2054 2055:=
ID 0.4907 0.4907 0.4907 0.4907 0.4907 0.4907 0.4907 0.4907 0.4907 0.4907 0.4907 0.4907 0.4907 0.4907 0.4907 0.4907 0.4907 0.4907 0.4907 0.4907 0.4907 0.4907 0.4907 0.4907 0.4907 0.4907 0.4907 0.4907 0.4907 0.4907 0.4907 0.4907 0.4907 0.4907 0.4907 0.4907 0.4907 0.4907 0.4907 0.4907 0.4907 0.4907
IN 0 0 0 0 0 0 0 0 0 0 0 0 0 0 0 0 0 0 0 0 0 0 0 0 0 0 0 0 0 0 0 0 0 0 0 0 0 0 0 0 0 0
SD 0.5415 0.5415 0.5415 0.5415 0.5415 0.5415 0.5415 0.5415 0.5415 0.5415 0.5415 0.5415 0.5415 0.5415 0.5415 0.5415 0.5415 0.5415 0.5415 0.5415 0.5415 0.5415 0.5415 0.5415 0.5415 0.5415 0.5415 0.5415 0.5415 0.5415 0.5415 0.5415 0.5415 0.5415 0.5415 0.5415 0.5415 0.5415 0.5415 0.5415 0.5415 0.5415
SN 0 0 0 0 0 0 0 0 0 0 0 0 0 0 0 0 0 0 0 0 0 0 0 0 0 0 0 0 0 0 0 0 0 0 0 0 0 0 0 0 0 0
WD 0.3939 0.3939 0.3939 0.3939 0.3939 0.3939 0.3939 0.3939 0.3939 0.3939 0.3939 0.3939 0.3939 0.3939 0.3939 0.3939 0.3939 0.3939 0.3939 0.3939 0.3939 0.3939 0.3939 0.3939 0.3939 0.3939 0.3939 0.3939 0.3939 0.3939 0.3939 0.3939 0.3939 0.3939 0.3939 0.3939 0.3939 0.3939 0.3939 0.3939 0.3939 0.3939
WN 0 0 0 0 0 0 0 0 0 0 0 0 0 0 0 0 0 0 0 0 0 0 0 0 0 0 0 0 0 0 0 0 0 0 0 0 0 0 0 0 0 0
[Atlantis_00A,PV_UTL,*,*]:
2014 2015 2016 2017 2018 2019 2020 2021 2022 2023 2024 2025 2026 2027 2028 2029 2030 2031 2032 2033 2034 2035 2036 2037 2038 2039 2040 2041 2042 2043 2044 2045 2046 2047 2048 2049 2050 2051 2052 2053 2054 2055:=
ID 0.4907 0.4907 0.4907 0.4907 0.4907 0.4907 0.4907 0.4907 0.4907 0.4907 0.4907 0.4907 0.4907 0.4907 0.4907 0.4907 0.4907 0.4907 0.4907 0.4907 0.4907 0.4907 0.4907 0.4907 0.4907 0.4907 0.4907 0.4907 0.4907 0.4907 0.4907 0.4907 0.4907 0.4907 0.4907 0.4907 0.4907 0.4907 0.4907 0.4907 0.4907 0.4907
IN 0 0 0 0 0 0 0 0 0 0 0 0 0 0 0 0 0 0 0 0 0 0 0 0 0 0 0 0 0 0 0 0 0 0 0 0 0 0 0 0 0 0
SD 0.5415 0.5415 0.5415 0.5415 0.5415 0.5415 0.5415 0.5415 0.5415 0.5415 0.5415 0.5415 0.5415 0.5415 0.5415 0.5415 0.5415 0.5415 0.5415 0.5415 0.5415 0.5415 0.5415 0.5415 0.5415 0.5415 0.5415 0.5415 0.5415 0.5415 0.5415 0.5415 0.5415 0.5415 0.5415 0.5415 0.5415 0.5415 0.5415 0.5415 0.5415 0.5415
SN 0 0 0 0 0 0 0 0 0 0 0 0 0 0 0 0 0 0 0 0 0 0 0 0 0 0 0 0 0 0 0 0 0 0 0 0 0 0 0 0 0 0
WD 0.3939 0.3939 0.3939 0.3939 0.3939 0.3939 0.3939 0.3939 0.3939 0.3939 0.3939 0.3939 0.3939 0.3939 0.3939 0.3939 0.3939 0.3939 0.3939 0.3939 0.3939 0.3939 0.3939 0.3939 0.3939 0.3939 0.3939 0.3939 0.3939 0.3939 0.3939 0.3939 0.3939 0.3939 0.3939 0.3939 0.3939 0.3939 0.3939 0.3939 0.3939 0.3939
WN 0 0 0 0 0 0 0 0 0 0 0 0 0 0 0 0 0 0 0 0 0 0 0 0 0 0 0 0 0 0 0 0 0 0 0 0 0 0 0 0 0 0
[Atlantis_00A,WIND,*,*]:
2014 2015 2016 2017 2018 2019 2020 2021 2022 2023 2024 2025 2026 2027 2028 2029 2030 2031 2032 2033 2034 2035 2036 2037 2038 2039 2040 2041 2042 2043 2044 2045 2046 2047 2048 2049 2050 2051 2052 2053 2054 2055:=
ID 0.4447 0.4447 0.4447 0.4447 0.4447 0.4447 0.4447 0.4447 0.4447 0.4447 0.4447 0.4447 0.4447 0.4447 0.4447 0.4447 0.4447 0.4447 0.4447 0.4447 0.4447 0.4447 0.4447 0.4447 0.4447 0.4447 0.4447 0.4447 0.4447 0.4447 0.4447 0.4447 0.4447 0.4447 0.4447 0.4447 0.4447 0.4447 0.4447 0.4447 0.4447 0.4447
IN 0.2736 0.2736 0.2736 0.2736 0.2736 0.2736 0.2736 0.2736 0.2736 0.2736 0.2736 0.2736 0.2736 0.2736 0.2736 0.2736 0.2736 0.2736 0.2736 0.2736 0.2736 0.2736 0.2736 0.2736 0.2736 0.2736 0.2736 0.2736 0.2736 0.2736 0.2736 0.2736 0.2736 0.2736 0.2736 0.2736 0.2736 0.2736 0.2736 0.2736 0.2736 0.2736
SD 0.4875 0.4875 0.4875 0.4875 0.4875 0.4875 0.4875 0.4875 0.4875 0.4875 0.4875 0.4875 0.4875 0.4875 0.4875 0.4875 0.4875 0.4875 0.4875 0.4875 0.4875 0.4875 0.4875 0.4875 0.4875 0.4875 0.4875 0.4875 0.4875 0.4875 0.4875 0.4875 0.4875 0.4875 0.4875 0.4875 0.4875 0.4875 0.4875 0.4875 0.4875 0.4875
SN 0.2999 0.2999 0.2999 0.2999 0.2999 0.2999 0.2999 0.2999 0.2999 0.2999 0.2999 0.2999 0.2999 0.2999 0.2999 0.2999 0.2999 0.2999 0.2999 0.2999 0.2999 0.2999 0.2999 0.2999 0.2999 0.2999 0.2999 0.2999 0.2999 0.2999 0.2999 0.2999 0.2999 0.2999 0.2999 0.2999 0.2999 0.2999 0.2999 0.2999 0.2999 0.2999
WD 0.4013 0.4013 0.4013 0.4013 0.4013 0.4013 0.4013 0.4013 0.4013 0.4013 0.4013 0.4013 0.4013 0.4013 0.4013 0.4013 0.4013 0.4013 0.4013 0.4013 0.4013 0.4013 0.4013 0.4013 0.4013 0.4013 0.4013 0.4013 0.4013 0.4013 0.4013 0.4013 0.4013 0.4013 0.4013 0.4013 0.4013 0.4013 0.4013 0.4013 0.4013 0.4013
WN 0.2469 0.2469 0.2469 0.2469 0.2469 0.2469 0.2469 0.2469 0.2469 0.2469 0.2469 0.2469 0.2469 0.2469 0.2469 0.2469 0.2469 0.2469 0.2469 0.2469 0.2469 0.2469 0.2469 0.2469 0.2469 0.2469 0.2469 0.2469 0.2469 0.2469 0.2469 0.2469 0.2469 0.2469 0.2469 0.2469 0.2469 0.2469 0.2469 0.2469 0.2469 0.2469
;

param CapacityOfOneTechnologyUnit default 0 :=
;

param CapacityToActivityUnit default 1 :
BM_IMP BM_IND BM_RES BM_SC CONS_BM CONS_DS CONS_HF CONS_NG DIST_IND DIST_OTH DIST_RES DIST_SER DIST_TRA DS_IMP DS_IND DS_OTH DS_TRA DSGC EXP_HF EXP_NG GT_FC HF_IMP HF_IND HF_OTH HF_RES HF_SER HF_TRA HYDRO_DAM HYDRO_MIN NG_IMP NG_IND NG_OTH NG_RES NG_SER NG_TRA NGCC NGSC PV_ROF PV_UTL TRANS WIND:=
Atlantis_00A 1 1 1 31.536 1 1 1 1 1 1 1 1 1 1 1 1 1 31.536 1 1 31.536 1 1 1 1 1 1 31.536 31.536 1 1 1 1 1 1 31.536 31.536 31.536 31.536 1 31.536
;

param CapitalCost default 0.0001 :=
[Atlantis_00A,*,*]:
2014 2015 2016 2017 2018 2019 2020 2021 2022 2023 2024 2025 2026 2027 2028 2029 2030 2031 2032 2033 2034 2035 2036 2037 2038 2039 2040 2041 2042 2043 2044 2045 2046 2047 2048 2049 2050 2051 2052 2053 2054 2055:=
BM_SC 3150 3150 3136 3122 3108 3094 3080 3073 3066 3059 3052 3045 3038 3031 3024 3017 3010 3010 3010 3010 3010 3010 3010 3010 3010 3010 3010 3003 2996 2989 2982 2975 2968 2961 2954 2947 2940 2933 2926 2919 2912 2905
DSGC 780 780 780 780 780 780 780 780 780 780 780 780 780 780 780 780 780 780 780 780 780 780 780 780 780 780 780 780 780 780 780 780 780 780 780 780 780 780 780 780 780 780
GT_FC 6950 6950 6905.16 6860.32 6815.48 6770.65 6725.81 6703.39 6680.97 6658.55 6636.13 6613.71 6591.29 6568.87 6546.45 6524.03 6501.61 6479.19 6456.77 6434.35 6411.94 6389.52 6367.1 6344.68 6322.26 6299.84 6277.42 6255 6232.58 6210.16 6187.74 6165.32 6142.9 6120.48 6098.06 6075.65 6053.23 6030.81 6008.39 5985.97 5963.55 5941.13
HYDRO_DAM 2410.95 2410.95 2410.95 2410.95 2410.95 2410.95 2410.95 2416.69 2422.43 2428.17 2433.91 2439.65 2445.39 2451.13 2456.87 2462.61 2468.35 2468.35 2468.35 2468.35 2468.35 2468.35 2468.35 2468.35 2468.35 2468.35 2468.35 2471.22 2474.09 2476.96 2479.83 2482.7 2485.57 2488.44 2491.31 2494.18 2497.05 2499.92 2502.79 2505.66 2508.53 2511.4
HYDRO_MIN 4231.88 4231.88 4219.25 4206.62 4193.99 4181.35 4168.72 4175.04 4181.35 4187.67 4193.99 4200.3 4206.62 4212.94 4219.25 4225.57 4231.88 4238.2 4244.52 4250.83 4257.15 4263.47 4269.78 4276.1 4282.41 4288.73 4295.05 4295.05 4295.05 4295.05 4295.05 4295.05 4295.05 4295.05 4295.05 4295.05 4295.05 4295.05 4295.05 4295.05 4295.05 4295.05
NG_IMP 14.63 14.63 14.63 14.63 14.63 14.63 14.63 14.63 14.63 14.63 14.63 14.63 14.63 14.63 14.63 14.63 14.63 14.63 14.63 14.63 14.63 14.63 14.63 14.63 14.63 14.63 14.63 14.63 14.63 14.63 14.63 14.63 14.63 14.63 14.63 14.63 14.63 14.63 14.63 14.63 14.63 14.63
NGCC 1450 1450 1450 1450 1450 1450 1450 1450 1300 1300 1300 1300 1300 1300 1300 1300 1300 1300 1300 1300 1300 1300 1300 1300 1300 1300 1300 1300 1300 1300 1300 1300 1300 1300 1300 1300 1300 1300 1300 1300 1300 1300
NGSC 913 913 913 913 913 913 913 913 913 913 913 913 913 913 913 913 913 913 913 913 913 913 913 913 913 913 913 913 913 913 913 913 913 913 913 913 913 913 913 913 913 913
PV_ROF 1650 1650 1539.18 1428.36 1317.54 1206.72 1095.9 1072.5 1049.1 1025.71 1002.31 978.92 955.52 932.13 908.73 885.34 861.94 852.09 842.24 832.39 822.54 812.69 802.84 792.99 783.13 773.28 763.43 753.58 743.73 733.88 724.03 714.18 704.33 694.48 684.63 674.78 664.93 655.07 645.22 635.37 625.52 615.67
PV_UTL 1218.33 1218.33 1142.03 1065.73 989.43 913.13 836.84 819.61 802.38 785.15 767.92 750.69 733.46 716.23 699 681.77 664.55 657.16 649.78 642.39 635.01 627.63 620.24 612.86 605.47 598.09 590.71 583.32 575.94 568.56 561.17 553.79 546.4 539.02 531.64 524.25 516.87 509.48 502.1 494.72 487.33 479.95
WIND 2173.06 2173.06 2154.16 2135.26 2116.37 2097.47 2078.57 2072.28 2065.98 2059.68 2053.38 2047.08 2040.78 2034.48 2028.19 2021.89 2015.59 2015.59 2015.59 2015.59 2015.59 2015.59 2015.59 2015.59 2015.59 2015.59 2015.59 2007.71 1999.84 1991.97 1984.09 1976.22 1968.35 1960.47 1952.6 1944.73 1936.85 1928.98 1921.11 1913.23 1905.36 1897.49
;

param CapitalCostStorage default 0 :=
;

param DepreciationMethod default 1 :=
;

param DiscountRate default 0.16 :=
;

param EmissionActivityRatio default 0 :=
[Atlantis_00A,CONS_DS,CO2,*,*]:
2014 2015 2016 2017 2018 2019 2020 2021 2022 2023 2024 2025 2026 2027 2028 2029 2030 2031 2032 2033 2034 2035 2036 2037 2038 2039 2040 2041 2042 2043 2044 2045 2046 2047 2048 2049 2050 2051 2052 2053 2054 2055:=
1 0.0743 0.0743 0.0743 0.0743 0.0743 0.0743 0.0743 0.0743 0.0743 0.0743 0.0743 0.0743 0.0743 0.0743 0.0743 0.0743 0.0743 0.0743 0.0743 0.0743 0.0743 0.0743 0.0743 0.0743 0.0743 0.0743 0.0743 0.0743 0.0743 0.0743 0.0743 0.0743 0.0743 0.0743 0.0743 0.0743 0.0743 0.0743 0.0743 0.0743 0.0743 0.0743
[Atlantis_00A,CONS_HF,CO2,*,*]:
2014 2015 2016 2017 2018 2019 2020 2021 2022 2023 2024 2025 2026 2027 2028 2029 2030 2031 2032 2033 2034 2035 2036 2037 2038 2039 2040 2041 2042 2043 2044 2045 2046 2047 2048 2049 2050 2051 2052 2053 2054 2055:=
1 0.0693 0.0693 0.0693 0.0693 0.0693 0.0693 0.0693 0.0693 0.0693 0.0693 0.0693 0.0693 0.0693 0.0693 0.0693 0.0693 0.0693 0.0693 0.0693 0.0693 0.0693 0.0693 0.0693 0.0693 0.0693 0.0693 0.0693 0.0693 0.0693 0.0693 0.0693 0.0693 0.0693 0.0693 0.0693 0.0693 0.0693 0.0693 0.0693 0.0693 0.0693 0.0693
[Atlantis_00A,CONS_NG,CO2,*,*]:
2014 2015 2016 2017 2018 2019 2020 2021 2022 2023 2024 2025 2026 2027 2028 2029 2030 2031 2032 2033 2034 2035 2036 2037 2038 2039 2040 2041 2042 2043 2044 2045 2046 2047 2048 2049 2050 2051 2052 2053 2054 2055:=
1 0.0562 0.0562 0.0562 0.0562 0.0562 0.0562 0.0562 0.0562 0.0562 0.0562 0.0562 0.0562 0.0562 0.0562 0.0562 0.0562 0.0562 0.0562 0.0562 0.0562 0.0562 0.0562 0.0562 0.0562 0.0562 0.0562 0.0562 0.0562 0.0562 0.0562 0.0562 0.0562 0.0562 0.0562 0.0562 0.0562 0.0562 0.0562 0.0562 0.0562 0.0562 0.0562
[Atlantis_00A,DSGC,CO2,*,*]:
2014 2015 2016 2017 2018 2019 2020 2021 2022 2023 2024 2025 2026 2027 2028 2029 2030 2031 2032 2033 2034 2035 2036 2037 2038 2039 2040 2041 2042 2043 2044 2045 2046 2047 2048 2049 2050 2051 2052 2053 2054 2055:=
1 0.0743 0.0743 0.0743 0.0743 0.0743 0.0743 0.0743 0.0743 0.0743 0.0743 0.0743 0.0743 0.0743 0.0743 0.0743 0.0743 0.0743 0.0743 0.0743 0.0743 0.0743 0.0743 0.0743 0.0743 0.0743 0.0743 0.0743 0.0743 0.0743 0.0743 0.0743 0.0743 0.0743 0.0743 0.0743 0.0743 0.0743 0.0743 0.0743 0.0743 0.0743 0.0743
[Atlantis_00A,HYDRO_DAM,CO2,*,*]:
2014 2015 2016 2017 2018 2019 2020 2021 2022 2023 2024 2025 2026 2027 2028 2029 2030 2031 2032 2033 2034 2035 2036 2037 2038 2039 2040 2041 2042 2043 2044 2045 2046 2047 2048 2049 2050 2051 2052 2053 2054 2055:=
1 0.0212 0.0212 0.0212 0.0212 0.0212 0.0212 0.0212 0.0212 0.0212 0.0212 0.0212 0.0212 0.0212 0.0212 0.0212 0.0212 0.0212 0.0212 0.0212 0.0212 0.0212 0.0212 0.0212 0.0212 0.0212 0.0212 0.0212 0.0212 0.0212 0.0212 0.0212 0.0212 0.0212 0.0212 0.0212 0.0212 0.0212 0.0212 0.0212 0.0212 0.0212 0.0212
[Atlantis_00A,HYDRO_MIN,CO2,*,*]:
2014 2015 2016 2017 2018 2019 2020 2021 2022 2023 2024 2025 2026 2027 2028 2029 2030 2031 2032 2033 2034 2035 2036 2037 2038 2039 2040 2041 2042 2043 2044 2045 2046 2047 2048 2049 2050 2051 2052 2053 2054 2055:=
1 0.0007 0.0007 0.0007 0.0007 0.0007 0.0007 0.0007 0.0007 0.0007 0.0007 0.0007 0.0007 0.0007 0.0007 0.0007 0.0007 0.0007 0.0007 0.0007 0.0007 0.0007 0.0007 0.0007 0.0007 0.0007 0.0007 0.0007 0.0007 0.0007 0.0007 0.0007 0.0007 0.0007 0.0007 0.0007 0.0007 0.0007 0.0007 0.0007 0.0007 0.0007 0.0007
[Atlantis_00A,HYDRO_DAM,CH4,*,*]:
2014 2015 2016 2017 2018 2019 2020 2021 2022 2023 2024 2025 2026 2027 2028 2029 2030 2031 2032 2033 2034 2035 2036 2037 2038 2039 2040 2041 2042 2043 2044 2045 2046 2047 2048 2049 2050 2051 2052 2053 2054 2055:=
1 0.00179384615384615 0.00179384615384615 0.00179384615384615 0.00179384615384615 0.00179384615384615 0.00179384615384615 0.00179384615384615 0.00179384615384615 0.00179384615384615 0.00179384615384615 0.00179384615384615 0.00179384615384615 0.00179384615384615 0.00179384615384615 0.00179384615384615 0.00179384615384615 0.00179384615384615 0.00179384615384615 0.00179384615384615 0.00179384615384615 0.00179384615384615 0.00179384615384615 0.00179384615384615 0.00179384615384615 0.00179384615384615 0.00179384615384615 0.00179384615384615 0.00179384615384615 0.00179384615384615 0.00179384615384615 0.00179384615384615 0.00179384615384615 0.00179384615384615 0.00179384615384615 0.00179384615384615 0.00179384615384615 0.00179384615384615 0.00179384615384615 0.00179384615384615 0.00179384615384615 0.00179384615384615 0.00179384615384615
[Atlantis_00A,HYDRO_MIN,CH4,*,*]:
2014 2015 2016 2017 2018 2019 2020 2021 2022 2023 2024 2025 2026 2027 2028 2029 2030 2031 2032 2033 2034 2035 2036 2037 2038 2039 2040 2041 2042 2043 2044 2045 2046 2047 2048 2049 2050 2051 2052 2053 2054 2055:=
1 5.92307692307692E-05 5.92307692307692E-05 5.92307692307692E-05 5.92307692307692E-05 5.92307692307692E-05 5.92307692307692E-05 5.92307692307692E-05 5.92307692307692E-05 5.92307692307692E-05 5.92307692307692E-05 5.92307692307692E-05 5.92307692307692E-05 5.92307692307692E-05 5.92307692307692E-05 5.92307692307692E-05 5.92307692307692E-05 5.92307692307692E-05 5.92307692307692E-05 5.92307692307692E-05 5.92307692307692E-05 5.92307692307692E-05 5.92307692307692E-05 5.92307692307692E-05 5.92307692307692E-05 5.92307692307692E-05 5.92307692307692E-05 5.92307692307692E-05 5.92307692307692E-05 5.92307692307692E-05 5.92307692307692E-05 5.92307692307692E-05 5.92307692307692E-05 5.92307692307692E-05 5.92307692307692E-05 5.92307692307692E-05 5.92307692307692E-05 5.92307692307692E-05 5.92307692307692E-05 5.92307692307692E-05 5.92307692307692E-05 5.92307692307692E-05 5.92307692307692E-05
[Atlantis_00A,NGCC,CO2,*,*]:
2014 2015 2016 2017 2018 2019 2020 2021 2022 2023 2024 2025 2026 2027 2028 2029 2030 2031 2032 2033 2034 2035 2036 2037 2038 2039 2040 2041 2042 2043 2044 2045 2046 2047 2048 2049 2050 2051 2052 2053 2054 2055:=
1 0.0562 0.0562 0.0562 0.0562 0.0562 0.0562 0.0562 0.0562 0.0562 0.0562 0.0562 0.0562 0.0562 0.0562 0.0562 0.0562 0.0562 0.0562 0.0562 0.0562 0.0562 0.0562 0.0562 0.0562 0.0562 0.0562 0.0562 0.0562 0.0562 0.0562 0.0562 0.0562 0.0562 0.0562 0.0562 0.0562 0.0562 0.0562 0.0562 0.0562 0.0562 0.0562
[Atlantis_00A,NGSC,CO2,*,*]:
2014 2015 2016 2017 2018 2019 2020 2021 2022 2023 2024 2025 2026 2027 2028 2029 2030 2031 2032 2033 2034 2035 2036 2037 2038 2039 2040 2041 2042 2043 2044 2045 2046 2047 2048 2049 2050 2051 2052 2053 2054 2055:=
1 0.0562 0.0562 0.0562 0.0562 0.0562 0.0562 0.0562 0.0562 0.0562 0.0562 0.0562 0.0562 0.0562 0.0562 0.0562 0.0562 0.0562 0.0562 0.0562 0.0562 0.0562 0.0562 0.0562 0.0562 0.0562 0.0562 0.0562 0.0562 0.0562 0.0562 0.0562 0.0562 0.0562 0.0562 0.0562 0.0562 0.0562 0.0562 0.0562 0.0562 0.0562 0.0562
;

param EmissionsPenalty default 0 :=
;

param FixedCost default 0 :=
[Atlantis_00A,*,*]:
2014 2015 2016 2017 2018 2019 2020 2021 2022 2023 2024 2025 2026 2027 2028 2029 2030 2031 2032 2033 2034 2035 2036 2037 2038 2039 2040 2041 2042 2043 2044 2045 2046 2047 2048 2049 2050 2051 2052 2053 2054 2055:=
BM_SC 80 75 75 75 75 75 75 75 75 75 75 75 75 75 75 75 75 75 75 75 75 75 75 75 75 75 75 75 75 75 75 75 75 75 75 75 75 75 75 75 75 75
DSGC 24.26 24.26 24.26 24.26 24.26 24.26 24.26 24.26 24.26 24.26 24.26 24.26 24.26 24.26 24.26 24.26 24.26 24.26 24.26 24.26 24.26 24.26 24.26 24.26 24.26 24.26 24.26 24.26 24.26 24.26 24.26 24.26 24.26 24.26 24.26 24.26 24.26 24.26 24.26 24.26 24.26 24.26
GT_FC 60 60 60 60 60 60 60 60 60 60 60 60 60 60 60 60 60 60 60 60 60 60 60 60 60 60 65 60 65 60 65 60 65 60 65 60 65 60 65 60 65 60
HYDRO_DAM 55 55 55 55 55 55 60 60 60 60 60 60 60 60 60 60 70 70 70 70 70 70 70 70 70 70 75 70 75 70 75 70 75 70 75 70 75 70 75 70 75 70
HYDRO_MIN 70 70 70 70 70 70 70 70 70 70 70 70 70 70 70 70 75 75 75 75 75 75 75 75 75 75 80 75 80 75 80 75 80 75 80 75 80 75 80 75 80 75
NG_IMP 0.45 0.45 0.45 0.45 0.45 0.45 0.45 0.45 0.45 0.45 0.45 0.45 0.45 0.45 0.45 0.45 0.45 0.45 0.45 0.45 0.45 0.45 0.45 0.45 0.45 0.45 0.45 0.45 0.45 0.45 0.45 0.45 0.45 0.45 0.45 0.45 0.45 0.45 0.45 0.45 0.45 0.45
NGCC 25 25 25 25 25 25 25 25 25 25 25 25 25 25 25 25 25 25 25 25 25 25 25 25 25 25 25 25 25 25 25 25 25 25 25 25 25 25 25 25 25 25
NGSC 20 20 20 20 20 20 20 20 20 20 20 20 20 20 20 20 20 20 20 20 20 20 20 20 20 20 20 20 20 20 20 20 20 20 20 20 20 20 20 20 20 20
PV_ROF 30 28 28 28 28 28 28 26 26 26 26 26 26 26 26 26 26 26 26 26 26 26 26 26 26 26 26 26 26 26 26 26 26 26 26 26 26 26 26 26 26 26
PV_UTL 24 22 22 22 22 22 22 20 20 20 20 20 20 20 20 20 20 20 20 20 20 20 20 20 20 20 20 20 20 20 20 20 20 20 20 20 20 20 20 20 20 20
WIND 38 38 38 38 38 38 38 38 38 38 38 38 38 38 38 38 36 36 36 36 36 36 36 36 36 36 36 36 36 36 36 36 36 36 36 36 36 36 36 36 36 36
;

param InputActivityRatio default 0 :=
[Atlantis_00A,BM_IND,BM_Distribution,*,*]:
2014 2015 2016 2017 2018 2019 2020 2021 2022 2023 2024 2025 2026 2027 2028 2029 2030 2031 2032 2033 2034 2035 2036 2037 2038 2039 2040 2041 2042 2043 2044 2045 2046 2047 2048 2049 2050 2051 2052 2053 2054 2055:=
1 1 1 1 1 1 1 1 1 1 1 1 1 1 1 1 1 1 1 1 1 1 1 1 1 1 1 1 1 1 1 1 1 1 1 1 1 1 1 1 1 1 1
[Atlantis_00A,BM_RES,BM_Distribution,*,*]:
2014 2015 2016 2017 2018 2019 2020 2021 2022 2023 2024 2025 2026 2027 2028 2029 2030 2031 2032 2033 2034 2035 2036 2037 2038 2039 2040 2041 2042 2043 2044 2045 2046 2047 2048 2049 2050 2051 2052 2053 2054 2055:=
1 1 1 1 1 1 1 1 1 1 1 1 1 1 1 1 1 1 1 1 1 1 1 1 1 1 1 1 1 1 1 1 1 1 1 1 1 1 1 1 1 1 1
[Atlantis_00A,BM_SC,BM,*,*]:
2014 2015 2016 2017 2018 2019 2020 2021 2022 2023 2024 2025 2026 2027 2028 2029 2030 2031 2032 2033 2034 2035 2036 2037 2038 2039 2040 2041 2042 2043 2044 2045 2046 2047 2048 2049 2050 2051 2052 2053 2054 2055:=
1 2.86 2.86 2.86 2.86 2.86 2.86 2.86 2.86 2.86 2.86 2.86 2.86 2.86 2.86 2.86 2.86 2.86 2.86 2.86 2.86 2.86 2.86 2.86 2.86 2.86 2.86 2.86 2.86 2.86 2.86 2.86 2.86 2.86 2.86 2.86 2.86 2.86 2.86 2.86 2.86 2.86 2.86
[Atlantis_00A,CONS_BM,BM,*,*]:
2014 2015 2016 2017 2018 2019 2020 2021 2022 2023 2024 2025 2026 2027 2028 2029 2030 2031 2032 2033 2034 2035 2036 2037 2038 2039 2040 2041 2042 2043 2044 2045 2046 2047 2048 2049 2050 2051 2052 2053 2054 2055:=
1 1 1 1 1 1 1 1 1 1 1 1 1 1 1 1 1 1 1 1 1 1 1 1 1 1 1 1 1 1 1 1 1 1 1 1 1 1 1 1 1 1 1
[Atlantis_00A,CONS_DS,DS,*,*]:
2014 2015 2016 2017 2018 2019 2020 2021 2022 2023 2024 2025 2026 2027 2028 2029 2030 2031 2032 2033 2034 2035 2036 2037 2038 2039 2040 2041 2042 2043 2044 2045 2046 2047 2048 2049 2050 2051 2052 2053 2054 2055:=
1 1 1 1 1 1 1 1 1 1 1 1 1 1 1 1 1 1 1 1 1 1 1 1 1 1 1 1 1 1 1 1 1 1 1 1 1 1 1 1 1 1 1
[Atlantis_00A,CONS_HF,HF,*,*]:
2014 2015 2016 2017 2018 2019 2020 2021 2022 2023 2024 2025 2026 2027 2028 2029 2030 2031 2032 2033 2034 2035 2036 2037 2038 2039 2040 2041 2042 2043 2044 2045 2046 2047 2048 2049 2050 2051 2052 2053 2054 2055:=
1 1 1 1 1 1 1 1 1 1 1 1 1 1 1 1 1 1 1 1 1 1 1 1 1 1 1 1 1 1 1 1 1 1 1 1 1 1 1 1 1 1 1
[Atlantis_00A,CONS_NG,NG,*,*]:
2014 2015 2016 2017 2018 2019 2020 2021 2022 2023 2024 2025 2026 2027 2028 2029 2030 2031 2032 2033 2034 2035 2036 2037 2038 2039 2040 2041 2042 2043 2044 2045 2046 2047 2048 2049 2050 2051 2052 2053 2054 2055:=
1 1 1 1 1 1 1 1 1 1 1 1 1 1 1 1 1 1 1 1 1 1 1 1 1 1 1 1 1 1 1 1 1 1 1 1 1 1 1 1 1 1 1
[Atlantis_00A,DIST_IND,EL_Distribution,*,*]:
2014 2015 2016 2017 2018 2019 2020 2021 2022 2023 2024 2025 2026 2027 2028 2029 2030 2031 2032 2033 2034 2035 2036 2037 2038 2039 2040 2041 2042 2043 2044 2045 2046 2047 2048 2049 2050 2051 2052 2053 2054 2055:=
1 1 1 1 1 1 1 1 1 1 1 1 1 1 1 1 1 1 1 1 1 1 1 1 1 1 1 1 1 1 1 1 1 1 1 1 1 1 1 1 1 1 1
[Atlantis_00A,DIST_OTH,EL_Distribution,*,*]:
2014 2015 2016 2017 2018 2019 2020 2021 2022 2023 2024 2025 2026 2027 2028 2029 2030 2031 2032 2033 2034 2035 2036 2037 2038 2039 2040 2041 2042 2043 2044 2045 2046 2047 2048 2049 2050 2051 2052 2053 2054 2055:=
1 1 1 1 1 1 1 1 1 1 1 1 1 1 1 1 1 1 1 1 1 1 1 1 1 1 1 1 1 1 1 1 1 1 1 1 1 1 1 1 1 1 1
[Atlantis_00A,DIST_RES,EL_Distribution,*,*]:
2014 2015 2016 2017 2018 2019 2020 2021 2022 2023 2024 2025 2026 2027 2028 2029 2030 2031 2032 2033 2034 2035 2036 2037 2038 2039 2040 2041 2042 2043 2044 2045 2046 2047 2048 2049 2050 2051 2052 2053 2054 2055:=
1 1 1 1 1 1 1 1 1 1 1 1 1 1 1 1 1 1 1 1 1 1 1 1 1 1 1 1 1 1 1 1 1 1 1 1 1 1 1 1 1 1 1
[Atlantis_00A,DIST_SER,EL_Distribution,*,*]:
2014 2015 2016 2017 2018 2019 2020 2021 2022 2023 2024 2025 2026 2027 2028 2029 2030 2031 2032 2033 2034 2035 2036 2037 2038 2039 2040 2041 2042 2043 2044 2045 2046 2047 2048 2049 2050 2051 2052 2053 2054 2055:=
1 1 1 1 1 1 1 1 1 1 1 1 1 1 1 1 1 1 1 1 1 1 1 1 1 1 1 1 1 1 1 1 1 1 1 1 1 1 1 1 1 1 1
[Atlantis_00A,DIST_TRA,EL_Distribution,*,*]:
2014 2015 2016 2017 2018 2019 2020 2021 2022 2023 2024 2025 2026 2027 2028 2029 2030 2031 2032 2033 2034 2035 2036 2037 2038 2039 2040 2041 2042 2043 2044 2045 2046 2047 2048 2049 2050 2051 2052 2053 2054 2055:=
1 1 1 1 1 1 1 1 1 1 1 1 1 1 1 1 1 1 1 1 1 1 1 1 1 1 1 1 1 1 1 1 1 1 1 1 1 1 1 1 1 1 1
[Atlantis_00A,DS_IND,DS_Distribution,*,*]:
2014 2015 2016 2017 2018 2019 2020 2021 2022 2023 2024 2025 2026 2027 2028 2029 2030 2031 2032 2033 2034 2035 2036 2037 2038 2039 2040 2041 2042 2043 2044 2045 2046 2047 2048 2049 2050 2051 2052 2053 2054 2055:=
1 1 1 1 1 1 1 1 1 1 1 1 1 1 1 1 1 1 1 1 1 1 1 1 1 1 1 1 1 1 1 1 1 1 1 1 1 1 1 1 1 1 1
[Atlantis_00A,DS_OTH,DS_Distribution,*,*]:
2014 2015 2016 2017 2018 2019 2020 2021 2022 2023 2024 2025 2026 2027 2028 2029 2030 2031 2032 2033 2034 2035 2036 2037 2038 2039 2040 2041 2042 2043 2044 2045 2046 2047 2048 2049 2050 2051 2052 2053 2054 2055:=
1 1 1 1 1 1 1 1 1 1 1 1 1 1 1 1 1 1 1 1 1 1 1 1 1 1 1 1 1 1 1 1 1 1 1 1 1 1 1 1 1 1 1
[Atlantis_00A,DS_TRA,DS_Distribution,*,*]:
2014 2015 2016 2017 2018 2019 2020 2021 2022 2023 2024 2025 2026 2027 2028 2029 2030 2031 2032 2033 2034 2035 2036 2037 2038 2039 2040 2041 2042 2043 2044 2045 2046 2047 2048 2049 2050 2051 2052 2053 2054 2055:=
1 1 1 1 1 1 1 1 1 1 1 1 1 1 1 1 1 1 1 1 1 1 1 1 1 1 1 1 1 1 1 1 1 1 1 1 1 1 1 1 1 1 1
[Atlantis_00A,DSGC,DS,*,*]:
2014 2015 2016 2017 2018 2019 2020 2021 2022 2023 2024 2025 2026 2027 2028 2029 2030 2031 2032 2033 2034 2035 2036 2037 2038 2039 2040 2041 2042 2043 2044 2045 2046 2047 2048 2049 2050 2051 2052 2053 2054 2055:=
1 6.57 6.57 6.57 6.57 6.57 6.57 6.57 6.57 6.57 6.57 6.57 6.57 6.57 6.57 6.57 6.57 6.57 6.57 6.57 6.57 6.57 6.57 6.57 6.57 6.57 6.57 6.57 6.57 6.57 6.57 6.57 6.57 6.57 6.57 6.57 6.57 6.57 6.57 6.57 6.57 6.57 6.57
[Atlantis_00A,EXP_HF,HF,*,*]:
2014 2015 2016 2017 2018 2019 2020 2021 2022 2023 2024 2025 2026 2027 2028 2029 2030 2031 2032 2033 2034 2035 2036 2037 2038 2039 2040 2041 2042 2043 2044 2045 2046 2047 2048 2049 2050 2051 2052 2053 2054 2055:=
1 1 1 1 1 1 1 1 1 1 1 1 1 1 1 1 1 1 1 1 1 1 1 1 1 1 1 1 1 1 1 1 1 1 1 1 1 1 1 1 1 1 1
[Atlantis_00A,EXP_NG,NG,*,*]:
2014 2015 2016 2017 2018 2019 2020 2021 2022 2023 2024 2025 2026 2027 2028 2029 2030 2031 2032 2033 2034 2035 2036 2037 2038 2039 2040 2041 2042 2043 2044 2045 2046 2047 2048 2049 2050 2051 2052 2053 2054 2055:=
1 1 1 1 1 1 1 1 1 1 1 1 1 1 1 1 1 1 1 1 1 1 1 1 1 1 1 1 1 1 1 1 1 1 1 1 1 1 1 1 1 1 1
[Atlantis_00A,HF_IND,HF_Distribution,*,*]:
2014 2015 2016 2017 2018 2019 2020 2021 2022 2023 2024 2025 2026 2027 2028 2029 2030 2031 2032 2033 2034 2035 2036 2037 2038 2039 2040 2041 2042 2043 2044 2045 2046 2047 2048 2049 2050 2051 2052 2053 2054 2055:=
1 1 1 1 1 1 1 1 1 1 1 1 1 1 1 1 1 1 1 1 1 1 1 1 1 1 1 1 1 1 1 1 1 1 1 1 1 1 1 1 1 1 1
[Atlantis_00A,HF_OTH,HF_Distribution,*,*]:
2014 2015 2016 2017 2018 2019 2020 2021 2022 2023 2024 2025 2026 2027 2028 2029 2030 2031 2032 2033 2034 2035 2036 2037 2038 2039 2040 2041 2042 2043 2044 2045 2046 2047 2048 2049 2050 2051 2052 2053 2054 2055:=
1 1 1 1 1 1 1 1 1 1 1 1 1 1 1 1 1 1 1 1 1 1 1 1 1 1 1 1 1 1 1 1 1 1 1 1 1 1 1 1 1 1 1
[Atlantis_00A,HF_RES,HF_Distribution,*,*]:
2014 2015 2016 2017 2018 2019 2020 2021 2022 2023 2024 2025 2026 2027 2028 2029 2030 2031 2032 2033 2034 2035 2036 2037 2038 2039 2040 2041 2042 2043 2044 2045 2046 2047 2048 2049 2050 2051 2052 2053 2054 2055:=
1 1 1 1 1 1 1 1 1 1 1 1 1 1 1 1 1 1 1 1 1 1 1 1 1 1 1 1 1 1 1 1 1 1 1 1 1 1 1 1 1 1 1
[Atlantis_00A,HF_SER,HF_Distribution,*,*]:
2014 2015 2016 2017 2018 2019 2020 2021 2022 2023 2024 2025 2026 2027 2028 2029 2030 2031 2032 2033 2034 2035 2036 2037 2038 2039 2040 2041 2042 2043 2044 2045 2046 2047 2048 2049 2050 2051 2052 2053 2054 2055:=
1 1 1 1 1 1 1 1 1 1 1 1 1 1 1 1 1 1 1 1 1 1 1 1 1 1 1 1 1 1 1 1 1 1 1 1 1 1 1 1 1 1 1
[Atlantis_00A,HF_TRA,HF_Distribution,*,*]:
2014 2015 2016 2017 2018 2019 2020 2021 2022 2023 2024 2025 2026 2027 2028 2029 2030 2031 2032 2033 2034 2035 2036 2037 2038 2039 2040 2041 2042 2043 2044 2045 2046 2047 2048 2049 2050 2051 2052 2053 2054 2055:=
1 1 1 1 1 1 1 1 1 1 1 1 1 1 1 1 1 1 1 1 1 1 1 1 1 1 1 1 1 1 1 1 1 1 1 1 1 1 1 1 1 1 1
[Atlantis_00A,NG_IND,NG_Distribution,*,*]:
2014 2015 2016 2017 2018 2019 2020 2021 2022 2023 2024 2025 2026 2027 2028 2029 2030 2031 2032 2033 2034 2035 2036 2037 2038 2039 2040 2041 2042 2043 2044 2045 2046 2047 2048 2049 2050 2051 2052 2053 2054 2055:=
1 1 1 1 1 1 1 1 1 1 1 1 1 1 1 1 1 1 1 1 1 1 1 1 1 1 1 1 1 1 1 1 1 1 1 1 1 1 1 1 1 1 1
[Atlantis_00A,NG_OTH,NG_Distribution,*,*]:
2014 2015 2016 2017 2018 2019 2020 2021 2022 2023 2024 2025 2026 2027 2028 2029 2030 2031 2032 2033 2034 2035 2036 2037 2038 2039 2040 2041 2042 2043 2044 2045 2046 2047 2048 2049 2050 2051 2052 2053 2054 2055:=
1 1 1 1 1 1 1 1 1 1 1 1 1 1 1 1 1 1 1 1 1 1 1 1 1 1 1 1 1 1 1 1 1 1 1 1 1 1 1 1 1 1 1
[Atlantis_00A,NG_RES,NG_Distribution,*,*]:
2014 2015 2016 2017 2018 2019 2020 2021 2022 2023 2024 2025 2026 2027 2028 2029 2030 2031 2032 2033 2034 2035 2036 2037 2038 2039 2040 2041 2042 2043 2044 2045 2046 2047 2048 2049 2050 2051 2052 2053 2054 2055:=
1 1 1 1 1 1 1 1 1 1 1 1 1 1 1 1 1 1 1 1 1 1 1 1 1 1 1 1 1 1 1 1 1 1 1 1 1 1 1 1 1 1 1
[Atlantis_00A,NG_SER,NG_Distribution,*,*]:
2014 2015 2016 2017 2018 2019 2020 2021 2022 2023 2024 2025 2026 2027 2028 2029 2030 2031 2032 2033 2034 2035 2036 2037 2038 2039 2040 2041 2042 2043 2044 2045 2046 2047 2048 2049 2050 2051 2052 2053 2054 2055:=
1 1 1 1 1 1 1 1 1 1 1 1 1 1 1 1 1 1 1 1 1 1 1 1 1 1 1 1 1 1 1 1 1 1 1 1 1 1 1 1 1 1 1
[Atlantis_00A,NG_TRA,NG_Distribution,*,*]:
2014 2015 2016 2017 2018 2019 2020 2021 2022 2023 2024 2025 2026 2027 2028 2029 2030 2031 2032 2033 2034 2035 2036 2037 2038 2039 2040 2041 2042 2043 2044 2045 2046 2047 2048 2049 2050 2051 2052 2053 2054 2055:=
1 1 1 1 1 1 1 1 1 1 1 1 1 1 1 1 1 1 1 1 1 1 1 1 1 1 1 1 1 1 1 1 1 1 1 1 1 1 1 1 1 1 1
[Atlantis_00A,NGCC,NG,*,*]:
2014 2015 2016 2017 2018 2019 2020 2021 2022 2023 2024 2025 2026 2027 2028 2029 2030 2031 2032 2033 2034 2035 2036 2037 2038 2039 2040 2041 2042 2043 2044 2045 2046 2047 2048 2049 2050 2051 2052 2053 2054 2055:=
1 1.7544 1.7544 1.7544 1.7544 1.7544 1.7544 1.7544 1.7544 1.7544 1.7544 1.7544 1.7544 1.992 1.992 1.992 1.992 1.992 1.992 1.992 1.992 1.992 1.992 1.992 1.992 1.992 1.992 1.992 1.992 1.992 1.992 1.992 1.992 1.992 1.992 1.992 1.992 1.992 1.992 1.992 1.992 1.992 1.992
[Atlantis_00A,NGSC,NG,*,*]:
2014 2015 2016 2017 2018 2019 2020 2021 2022 2023 2024 2025 2026 2027 2028 2029 2030 2031 2032 2033 2034 2035 2036 2037 2038 2039 2040 2041 2042 2043 2044 2045 2046 2047 2048 2049 2050 2051 2052 2053 2054 2055:=
1 2.6316 2.6316 2.6316 2.6316 2.6316 2.6316 2.6316 2.6316 2.6316 2.6316 2.6316 2.6316 2.174 2.174 2.174 2.174 2.174 2.174 2.174 2.174 2.174 2.174 2.174 2.174 2.174 2.174 2.174 2.174 2.174 2.174 2.174 2.174 2.174 2.174 2.174 2.174 2.174 2.174 2.174 2.174 2.174 2.174
[Atlantis_00A,TRANS,EL_Transmission,*,*]:
2014 2015 2016 2017 2018 2019 2020 2021 2022 2023 2024 2025 2026 2027 2028 2029 2030 2031 2032 2033 2034 2035 2036 2037 2038 2039 2040 2041 2042 2043 2044 2045 2046 2047 2048 2049 2050 2051 2052 2053 2054 2055:=
1 1 1 1 1 1 1 1 1 1 1 1 1 1 1 1 1 1 1 1 1 1 1 1 1 1 1 1 1 1 1 1 1 1 1 1 1 1 1 1 1 1 1
;

param ModelPeriodEmissionLimit default 99999 :=
;

param ModelPeriodExogenousEmission default 0 :=
;

param OperationalLife default 1 :
BM_IMP BM_IND BM_RES BM_SC CONS_BM CONS_DS CONS_HF CONS_NG DIST_IND DIST_OTH DIST_RES DIST_SER DIST_TRA DS_IMP DS_IND DS_OTH DS_TRA DSGC EXP_HF EXP_NG GT_FC HF_IMP HF_IND HF_OTH HF_RES HF_SER HF_TRA HYDRO_DAM HYDRO_MIN NG_IMP NG_IND NG_OTH NG_RES NG_SER NG_TRA NGCC NGSC PV_ROF PV_UTL TRANS WIND:=
Atlantis_00A 1 1 1 25 1 1 1 1 1 1 1 1 1 1 1 1 1 25 1 1 50 1 1 1 1 1 1 50 50 30 1 1 1 1 1 20 20 25 25 1 30
;

param OperationalLifeStorage default 1 :=
;

param OutputActivityRatio default 0 :=
[Atlantis_00A,BM_IMP,BM,*,*]:
2014 2015 2016 2017 2018 2019 2020 2021 2022 2023 2024 2025 2026 2027 2028 2029 2030 2031 2032 2033 2034 2035 2036 2037 2038 2039 2040 2041 2042 2043 2044 2045 2046 2047 2048 2049 2050 2051 2052 2053 2054 2055:=
1 1 1 1 1 1 1 1 1 1 1 1 1 1 1 1 1 1 1 1 1 1 1 1 1 1 1 1 1 1 1 1 1 1 1 1 1 1 1 1 1 1 1
[Atlantis_00A,BM_IND,BM_Industry,*,*]:
2014 2015 2016 2017 2018 2019 2020 2021 2022 2023 2024 2025 2026 2027 2028 2029 2030 2031 2032 2033 2034 2035 2036 2037 2038 2039 2040 2041 2042 2043 2044 2045 2046 2047 2048 2049 2050 2051 2052 2053 2054 2055:=
1 1 1 1 1 1 1 1 1 1 1 1 1 1 1 1 1 1 1 1 1 1 1 1 1 1 1 1 1 1 1 1 1 1 1 1 1 1 1 1 1 1 1
[Atlantis_00A,BM_RES,BM_Residential,*,*]:
2014 2015 2016 2017 2018 2019 2020 2021 2022 2023 2024 2025 2026 2027 2028 2029 2030 2031 2032 2033 2034 2035 2036 2037 2038 2039 2040 2041 2042 2043 2044 2045 2046 2047 2048 2049 2050 2051 2052 2053 2054 2055:=
1 1 1 1 1 1 1 1 1 1 1 1 1 1 1 1 1 1 1 1 1 1 1 1 1 1 1 1 1 1 1 1 1 1 1 1 1 1 1 1 1 1 1
[Atlantis_00A,BM_SC,EL_Transmission,*,*]:
2014 2015 2016 2017 2018 2019 2020 2021 2022 2023 2024 2025 2026 2027 2028 2029 2030 2031 2032 2033 2034 2035 2036 2037 2038 2039 2040 2041 2042 2043 2044 2045 2046 2047 2048 2049 2050 2051 2052 2053 2054 2055:=
1 1 1 1 1 1 1 1 1 1 1 1 1 1 1 1 1 1 1 1 1 1 1 1 1 1 1 1 1 1 1 1 1 1 1 1 1 1 1 1 1 1 1
[Atlantis_00A,CONS_BM,BM_Distribution,*,*]:
2014 2015 2016 2017 2018 2019 2020 2021 2022 2023 2024 2025 2026 2027 2028 2029 2030 2031 2032 2033 2034 2035 2036 2037 2038 2039 2040 2041 2042 2043 2044 2045 2046 2047 2048 2049 2050 2051 2052 2053 2054 2055:=
1 1 1 1 1 1 1 1 1 1 1 1 1 1 1 1 1 1 1 1 1 1 1 1 1 1 1 1 1 1 1 1 1 1 1 1 1 1 1 1 1 1 1
[Atlantis_00A,CONS_DS,DS_Distribution,*,*]:
2014 2015 2016 2017 2018 2019 2020 2021 2022 2023 2024 2025 2026 2027 2028 2029 2030 2031 2032 2033 2034 2035 2036 2037 2038 2039 2040 2041 2042 2043 2044 2045 2046 2047 2048 2049 2050 2051 2052 2053 2054 2055:=
1 1 1 1 1 1 1 1 1 1 1 1 1 1 1 1 1 1 1 1 1 1 1 1 1 1 1 1 1 1 1 1 1 1 1 1 1 1 1 1 1 1 1
[Atlantis_00A,CONS_HF,HF_Distribution,*,*]:
2014 2015 2016 2017 2018 2019 2020 2021 2022 2023 2024 2025 2026 2027 2028 2029 2030 2031 2032 2033 2034 2035 2036 2037 2038 2039 2040 2041 2042 2043 2044 2045 2046 2047 2048 2049 2050 2051 2052 2053 2054 2055:=
1 1 1 1 1 1 1 1 1 1 1 1 1 1 1 1 1 1 1 1 1 1 1 1 1 1 1 1 1 1 1 1 1 1 1 1 1 1 1 1 1 1 1
[Atlantis_00A,CONS_NG,NG_Distribution,*,*]:
2014 2015 2016 2017 2018 2019 2020 2021 2022 2023 2024 2025 2026 2027 2028 2029 2030 2031 2032 2033 2034 2035 2036 2037 2038 2039 2040 2041 2042 2043 2044 2045 2046 2047 2048 2049 2050 2051 2052 2053 2054 2055:=
1 1 1 1 1 1 1 1 1 1 1 1 1 1 1 1 1 1 1 1 1 1 1 1 1 1 1 1 1 1 1 1 1 1 1 1 1 1 1 1 1 1 1
[Atlantis_00A,DIST_IND,EL_Industry,*,*]:
2014 2015 2016 2017 2018 2019 2020 2021 2022 2023 2024 2025 2026 2027 2028 2029 2030 2031 2032 2033 2034 2035 2036 2037 2038 2039 2040 2041 2042 2043 2044 2045 2046 2047 2048 2049 2050 2051 2052 2053 2054 2055:=
1 0.9676 0.9676 0.9676 0.9676 0.9676 0.9676 0.9676 0.9676 0.9676 0.9676 0.9676 0.9676 0.9676 0.9676 0.9676 0.9676 0.9676 0.9676 0.9676 0.9676 0.9676 0.9676 0.9676 0.9676 0.9676 0.9676 0.9676 0.9676 0.9676 0.9676 0.9676 0.9676 0.9676 0.9676 0.9676 0.9676 0.9676 0.9676 0.9676 0.9676 0.9676 0.9676
[Atlantis_00A,DIST_OTH,EL_Others,*,*]:
2014 2015 2016 2017 2018 2019 2020 2021 2022 2023 2024 2025 2026 2027 2028 2029 2030 2031 2032 2033 2034 2035 2036 2037 2038 2039 2040 2041 2042 2043 2044 2045 2046 2047 2048 2049 2050 2051 2052 2053 2054 2055:=
1 0.9676 0.9676 0.9676 0.9676 0.9676 0.9676 0.9676 0.9676 0.9676 0.9676 0.9676 0.9676 0.9676 0.9676 0.9676 0.9676 0.9676 0.9676 0.9676 0.9676 0.9676 0.9676 0.9676 0.9676 0.9676 0.9676 0.9676 0.9676 0.9676 0.9676 0.9676 0.9676 0.9676 0.9676 0.9676 0.9676 0.9676 0.9676 0.9676 0.9676 0.9676 0.9676
[Atlantis_00A,DIST_RES,EL_Residential,*,*]:
2014 2015 2016 2017 2018 2019 2020 2021 2022 2023 2024 2025 2026 2027 2028 2029 2030 2031 2032 2033 2034 2035 2036 2037 2038 2039 2040 2041 2042 2043 2044 2045 2046 2047 2048 2049 2050 2051 2052 2053 2054 2055:=
1 0.9676 0.9676 0.9676 0.9676 0.9676 0.9676 0.9676 0.9676 0.9676 0.9676 0.9676 0.9676 0.9676 0.9676 0.9676 0.9676 0.9676 0.9676 0.9676 0.9676 0.9676 0.9676 0.9676 0.9676 0.9676 0.9676 0.9676 0.9676 0.9676 0.9676 0.9676 0.9676 0.9676 0.9676 0.9676 0.9676 0.9676 0.9676 0.9676 0.9676 0.9676 0.9676
[Atlantis_00A,DIST_SER,EL_Services,*,*]:
2014 2015 2016 2017 2018 2019 2020 2021 2022 2023 2024 2025 2026 2027 2028 2029 2030 2031 2032 2033 2034 2035 2036 2037 2038 2039 2040 2041 2042 2043 2044 2045 2046 2047 2048 2049 2050 2051 2052 2053 2054 2055:=
1 0.9676 0.9676 0.9676 0.9676 0.9676 0.9676 0.9676 0.9676 0.9676 0.9676 0.9676 0.9676 0.9676 0.9676 0.9676 0.9676 0.9676 0.9676 0.9676 0.9676 0.9676 0.9676 0.9676 0.9676 0.9676 0.9676 0.9676 0.9676 0.9676 0.9676 0.9676 0.9676 0.9676 0.9676 0.9676 0.9676 0.9676 0.9676 0.9676 0.9676 0.9676 0.9676
[Atlantis_00A,DIST_TRA,EL_Transport,*,*]:
2014 2015 2016 2017 2018 2019 2020 2021 2022 2023 2024 2025 2026 2027 2028 2029 2030 2031 2032 2033 2034 2035 2036 2037 2038 2039 2040 2041 2042 2043 2044 2045 2046 2047 2048 2049 2050 2051 2052 2053 2054 2055:=
1 0.9676 0.9676 0.9676 0.9676 0.9676 0.9676 0.9676 0.9676 0.9676 0.9676 0.9676 0.9676 0.9676 0.9676 0.9676 0.9676 0.9676 0.9676 0.9676 0.9676 0.9676 0.9676 0.9676 0.9676 0.9676 0.9676 0.9676 0.9676 0.9676 0.9676 0.9676 0.9676 0.9676 0.9676 0.9676 0.9676 0.9676 0.9676 0.9676 0.9676 0.9676 0.9676
[Atlantis_00A,DS_IMP,DS,*,*]:
2014 2015 2016 2017 2018 2019 2020 2021 2022 2023 2024 2025 2026 2027 2028 2029 2030 2031 2032 2033 2034 2035 2036 2037 2038 2039 2040 2041 2042 2043 2044 2045 2046 2047 2048 2049 2050 2051 2052 2053 2054 2055:=
1 1 1 1 1 1 1 1 1 1 1 1 1 1 1 1 1 1 1 1 1 1 1 1 1 1 1 1 1 1 1 1 1 1 1 1 1 1 1 1 1 1 1
[Atlantis_00A,DS_IND,DS_Industry,*,*]:
2014 2015 2016 2017 2018 2019 2020 2021 2022 2023 2024 2025 2026 2027 2028 2029 2030 2031 2032 2033 2034 2035 2036 2037 2038 2039 2040 2041 2042 2043 2044 2045 2046 2047 2048 2049 2050 2051 2052 2053 2054 2055:=
1 1 1 1 1 1 1 1 1 1 1 1 1 1 1 1 1 1 1 1 1 1 1 1 1 1 1 1 1 1 1 1 1 1 1 1 1 1 1 1 1 1 1
[Atlantis_00A,DS_OTH,DS_Others,*,*]:
2014 2015 2016 2017 2018 2019 2020 2021 2022 2023 2024 2025 2026 2027 2028 2029 2030 2031 2032 2033 2034 2035 2036 2037 2038 2039 2040 2041 2042 2043 2044 2045 2046 2047 2048 2049 2050 2051 2052 2053 2054 2055:=
1 1 1 1 1 1 1 1 1 1 1 1 1 1 1 1 1 1 1 1 1 1 1 1 1 1 1 1 1 1 1 1 1 1 1 1 1 1 1 1 1 1 1
[Atlantis_00A,DS_TRA,DS_Transport,*,*]:
2014 2015 2016 2017 2018 2019 2020 2021 2022 2023 2024 2025 2026 2027 2028 2029 2030 2031 2032 2033 2034 2035 2036 2037 2038 2039 2040 2041 2042 2043 2044 2045 2046 2047 2048 2049 2050 2051 2052 2053 2054 2055:=
1 1 1 1 1 1 1 1 1 1 1 1 1 1 1 1 1 1 1 1 1 1 1 1 1 1 1 1 1 1 1 1 1 1 1 1 1 1 1 1 1 1 1
[Atlantis_00A,DSGC,EL_Transmission,*,*]:
2014 2015 2016 2017 2018 2019 2020 2021 2022 2023 2024 2025 2026 2027 2028 2029 2030 2031 2032 2033 2034 2035 2036 2037 2038 2039 2040 2041 2042 2043 2044 2045 2046 2047 2048 2049 2050 2051 2052 2053 2054 2055:=
1 1 1 1 1 1 1 1 1 1 1 1 1 1 1 1 1 1 1 1 1 1 1 1 1 1 1 1 1 1 1 1 1 1 1 1 1 1 1 1 1 1 1
[Atlantis_00A,EXP_HF,HF_Export,*,*]:
2014 2015 2016 2017 2018 2019 2020 2021 2022 2023 2024 2025 2026 2027 2028 2029 2030 2031 2032 2033 2034 2035 2036 2037 2038 2039 2040 2041 2042 2043 2044 2045 2046 2047 2048 2049 2050 2051 2052 2053 2054 2055:=
1 1 1 1 1 1 1 1 1 1 1 1 1 1 1 1 1 1 1 1 1 1 1 1 1 1 1 1 1 1 1 1 1 1 1 1 1 1 1 1 1 1 1
[Atlantis_00A,EXP_NG,NG_Export,*,*]:
2014 2015 2016 2017 2018 2019 2020 2021 2022 2023 2024 2025 2026 2027 2028 2029 2030 2031 2032 2033 2034 2035 2036 2037 2038 2039 2040 2041 2042 2043 2044 2045 2046 2047 2048 2049 2050 2051 2052 2053 2054 2055:=
1 1 1 1 1 1 1 1 1 1 1 1 1 1 1 1 1 1 1 1 1 1 1 1 1 1 1 1 1 1 1 1 1 1 1 1 1 1 1 1 1 1 1
[Atlantis_00A,GT_FC,EL_Transmission,*,*]:
2014 2015 2016 2017 2018 2019 2020 2021 2022 2023 2024 2025 2026 2027 2028 2029 2030 2031 2032 2033 2034 2035 2036 2037 2038 2039 2040 2041 2042 2043 2044 2045 2046 2047 2048 2049 2050 2051 2052 2053 2054 2055:=
1 1 1 1 1 1 1 1 1 1 1 1 1 1 1 1 1 1 1 1 1 1 1 1 1 1 1 1 1 1 1 1 1 1 1 1 1 1 1 1 1 1 1
[Atlantis_00A,HF_IMP,HF,*,*]:
2014 2015 2016 2017 2018 2019 2020 2021 2022 2023 2024 2025 2026 2027 2028 2029 2030 2031 2032 2033 2034 2035 2036 2037 2038 2039 2040 2041 2042 2043 2044 2045 2046 2047 2048 2049 2050 2051 2052 2053 2054 2055:=
1 1 1 1 1 1 1 1 1 1 1 1 1 1 1 1 1 1 1 1 1 1 1 1 1 1 1 1 1 1 1 1 1 1 1 1 1 1 1 1 1 1 1
[Atlantis_00A,HF_IND,HF_Industry,*,*]:
2014 2015 2016 2017 2018 2019 2020 2021 2022 2023 2024 2025 2026 2027 2028 2029 2030 2031 2032 2033 2034 2035 2036 2037 2038 2039 2040 2041 2042 2043 2044 2045 2046 2047 2048 2049 2050 2051 2052 2053 2054 2055:=
1 1 1 1 1 1 1 1 1 1 1 1 1 1 1 1 1 1 1 1 1 1 1 1 1 1 1 1 1 1 1 1 1 1 1 1 1 1 1 1 1 1 1
[Atlantis_00A,HF_OTH,HF_Others,*,*]:
2014 2015 2016 2017 2018 2019 2020 2021 2022 2023 2024 2025 2026 2027 2028 2029 2030 2031 2032 2033 2034 2035 2036 2037 2038 2039 2040 2041 2042 2043 2044 2045 2046 2047 2048 2049 2050 2051 2052 2053 2054 2055:=
1 1 1 1 1 1 1 1 1 1 1 1 1 1 1 1 1 1 1 1 1 1 1 1 1 1 1 1 1 1 1 1 1 1 1 1 1 1 1 1 1 1 1
[Atlantis_00A,HF_RES,HF_Residential,*,*]:
2014 2015 2016 2017 2018 2019 2020 2021 2022 2023 2024 2025 2026 2027 2028 2029 2030 2031 2032 2033 2034 2035 2036 2037 2038 2039 2040 2041 2042 2043 2044 2045 2046 2047 2048 2049 2050 2051 2052 2053 2054 2055:=
1 1 1 1 1 1 1 1 1 1 1 1 1 1 1 1 1 1 1 1 1 1 1 1 1 1 1 1 1 1 1 1 1 1 1 1 1 1 1 1 1 1 1
[Atlantis_00A,HF_SER,HF_Services,*,*]:
2014 2015 2016 2017 2018 2019 2020 2021 2022 2023 2024 2025 2026 2027 2028 2029 2030 2031 2032 2033 2034 2035 2036 2037 2038 2039 2040 2041 2042 2043 2044 2045 2046 2047 2048 2049 2050 2051 2052 2053 2054 2055:=
1 1 1 1 1 1 1 1 1 1 1 1 1 1 1 1 1 1 1 1 1 1 1 1 1 1 1 1 1 1 1 1 1 1 1 1 1 1 1 1 1 1 1
[Atlantis_00A,HF_TRA,HF_Transport,*,*]:
2014 2015 2016 2017 2018 2019 2020 2021 2022 2023 2024 2025 2026 2027 2028 2029 2030 2031 2032 2033 2034 2035 2036 2037 2038 2039 2040 2041 2042 2043 2044 2045 2046 2047 2048 2049 2050 2051 2052 2053 2054 2055:=
1 1 1 1 1 1 1 1 1 1 1 1 1 1 1 1 1 1 1 1 1 1 1 1 1 1 1 1 1 1 1 1 1 1 1 1 1 1 1 1 1 1 1
[Atlantis_00A,HYDRO_DAM,EL_Transmission,*,*]:
2014 2015 2016 2017 2018 2019 2020 2021 2022 2023 2024 2025 2026 2027 2028 2029 2030 2031 2032 2033 2034 2035 2036 2037 2038 2039 2040 2041 2042 2043 2044 2045 2046 2047 2048 2049 2050 2051 2052 2053 2054 2055:=
1 1 1 1 1 1 1 1 1 1 1 1 1 1 1 1 1 1 1 1 1 1 1 1 1 1 1 1 1 1 1 1 1 1 1 1 1 1 1 1 1 1 1
[Atlantis_00A,HYDRO_MIN,EL_Transmission,*,*]:
2014 2015 2016 2017 2018 2019 2020 2021 2022 2023 2024 2025 2026 2027 2028 2029 2030 2031 2032 2033 2034 2035 2036 2037 2038 2039 2040 2041 2042 2043 2044 2045 2046 2047 2048 2049 2050 2051 2052 2053 2054 2055:=
1 1 1 1 1 1 1 1 1 1 1 1 1 1 1 1 1 1 1 1 1 1 1 1 1 1 1 1 1 1 1 1 1 1 1 1 1 1 1 1 1 1 1
[Atlantis_00A,NG_IMP,NG,*,*]:
2014 2015 2016 2017 2018 2019 2020 2021 2022 2023 2024 2025 2026 2027 2028 2029 2030 2031 2032 2033 2034 2035 2036 2037 2038 2039 2040 2041 2042 2043 2044 2045 2046 2047 2048 2049 2050 2051 2052 2053 2054 2055:=
1 1 1 1 1 1 1 1 1 1 1 1 1 1 1 1 1 1 1 1 1 1 1 1 1 1 1 1 1 1 1 1 1 1 1 1 1 1 1 1 1 1 1
[Atlantis_00A,NG_IND,NG_Industry,*,*]:
2014 2015 2016 2017 2018 2019 2020 2021 2022 2023 2024 2025 2026 2027 2028 2029 2030 2031 2032 2033 2034 2035 2036 2037 2038 2039 2040 2041 2042 2043 2044 2045 2046 2047 2048 2049 2050 2051 2052 2053 2054 2055:=
1 1 1 1 1 1 1 1 1 1 1 1 1 1 1 1 1 1 1 1 1 1 1 1 1 1 1 1 1 1 1 1 1 1 1 1 1 1 1 1 1 1 1
[Atlantis_00A,NG_OTH,NG_Others,*,*]:
2014 2015 2016 2017 2018 2019 2020 2021 2022 2023 2024 2025 2026 2027 2028 2029 2030 2031 2032 2033 2034 2035 2036 2037 2038 2039 2040 2041 2042 2043 2044 2045 2046 2047 2048 2049 2050 2051 2052 2053 2054 2055:=
1 1 1 1 1 1 1 1 1 1 1 1 1 1 1 1 1 1 1 1 1 1 1 1 1 1 1 1 1 1 1 1 1 1 1 1 1 1 1 1 1 1 1
[Atlantis_00A,NG_RES,NG_Residential,*,*]:
2014 2015 2016 2017 2018 2019 2020 2021 2022 2023 2024 2025 2026 2027 2028 2029 2030 2031 2032 2033 2034 2035 2036 2037 2038 2039 2040 2041 2042 2043 2044 2045 2046 2047 2048 2049 2050 2051 2052 2053 2054 2055:=
1 1 1 1 1 1 1 1 1 1 1 1 1 1 1 1 1 1 1 1 1 1 1 1 1 1 1 1 1 1 1 1 1 1 1 1 1 1 1 1 1 1 1
[Atlantis_00A,NG_SER,NG_Services,*,*]:
2014 2015 2016 2017 2018 2019 2020 2021 2022 2023 2024 2025 2026 2027 2028 2029 2030 2031 2032 2033 2034 2035 2036 2037 2038 2039 2040 2041 2042 2043 2044 2045 2046 2047 2048 2049 2050 2051 2052 2053 2054 2055:=
1 1 1 1 1 1 1 1 1 1 1 1 1 1 1 1 1 1 1 1 1 1 1 1 1 1 1 1 1 1 1 1 1 1 1 1 1 1 1 1 1 1 1
[Atlantis_00A,NG_TRA,NG_Transport,*,*]:
2014 2015 2016 2017 2018 2019 2020 2021 2022 2023 2024 2025 2026 2027 2028 2029 2030 2031 2032 2033 2034 2035 2036 2037 2038 2039 2040 2041 2042 2043 2044 2045 2046 2047 2048 2049 2050 2051 2052 2053 2054 2055:=
1 1 1 1 1 1 1 1 1 1 1 1 1 1 1 1 1 1 1 1 1 1 1 1 1 1 1 1 1 1 1 1 1 1 1 1 1 1 1 1 1 1 1
[Atlantis_00A,NGCC,EL_Transmission,*,*]:
2014 2015 2016 2017 2018 2019 2020 2021 2022 2023 2024 2025 2026 2027 2028 2029 2030 2031 2032 2033 2034 2035 2036 2037 2038 2039 2040 2041 2042 2043 2044 2045 2046 2047 2048 2049 2050 2051 2052 2053 2054 2055:=
1 1 1 1 1 1 1 1 1 1 1 1 1 1 1 1 1 1 1 1 1 1 1 1 1 1 1 1 1 1 1 1 1 1 1 1 1 1 1 1 1 1 1
[Atlantis_00A,NGSC,EL_Transmission,*,*]:
2014 2015 2016 2017 2018 2019 2020 2021 2022 2023 2024 2025 2026 2027 2028 2029 2030 2031 2032 2033 2034 2035 2036 2037 2038 2039 2040 2041 2042 2043 2044 2045 2046 2047 2048 2049 2050 2051 2052 2053 2054 2055:=
1 1 1 1 1 1 1 1 1 1 1 1 1 1 1 1 1 1 1 1 1 1 1 1 1 1 1 1 1 1 1 1 1 1 1 1 1 1 1 1 1 1 1
[Atlantis_00A,PV_ROF,EL_Residential,*,*]:
2014 2015 2016 2017 2018 2019 2020 2021 2022 2023 2024 2025 2026 2027 2028 2029 2030 2031 2032 2033 2034 2035 2036 2037 2038 2039 2040 2041 2042 2043 2044 2045 2046 2047 2048 2049 2050 2051 2052 2053 2054 2055:=
1 1 1 1 1 1 1 1 1 1 1 1 1 1 1 1 1 1 1 1 1 1 1 1 1 1 1 1 0 0 0 0 0 0 0 0 0 0 0 0 0 0 0
[Atlantis_00A,PV_UTL,EL_Transmission,*,*]:
2014 2015 2016 2017 2018 2019 2020 2021 2022 2023 2024 2025 2026 2027 2028 2029 2030 2031 2032 2033 2034 2035 2036 2037 2038 2039 2040 2041 2042 2043 2044 2045 2046 2047 2048 2049 2050 2051 2052 2053 2054 2055:=
1 1 1 1 1 1 1 1 1 1 1 1 1 1 1 1 1 1 1 1 1 1 1 1 1 1 1 1 1 1 1 1 1 1 1 1 1 1 1 1 1 1 1
[Atlantis_00A,TRANS,EL_Distribution,*,*]:
2014 2015 2016 2017 2018 2019 2020 2021 2022 2023 2024 2025 2026 2027 2028 2029 2030 2031 2032 2033 2034 2035 2036 2037 2038 2039 2040 2041 2042 2043 2044 2045 2046 2047 2048 2049 2050 2051 2052 2053 2054 2055:=
1 0.9527 0.9848 0.9848 0.9848 0.9848 0.9848 0.9848 0.9848 0.9848 0.9848 0.9848 0.9848 0.9848 0.9848 0.9848 0.9848 0.9848 0.9848 0.9848 0.9848 0.9848 0.9848 0.9848 0.9848 0.9848 0.9848 0.9848 0.9848 0.9848 0.9848 0.9848 0.9848 0.9848 0.9848 0.9848 0.9848 0.9848 0.9848 0.9848 0.9848 0.9848 0.9848
[Atlantis_00A,WIND,EL_Transmission,*,*]:
2014 2015 2016 2017 2018 2019 2020 2021 2022 2023 2024 2025 2026 2027 2028 2029 2030 2031 2032 2033 2034 2035 2036 2037 2038 2039 2040 2041 2042 2043 2044 2045 2046 2047 2048 2049 2050 2051 2052 2053 2054 2055:=
1 1 1 1 1 1 1 1 1 1 1 1 1 1 1 1 1 1 1 1 1 1 1 1 1 1 1 1 1 1 1 1 1 1 1 1 1 1 1 1 1 1 1
;

param REMinProductionTarget default 0 :=
;

param RETagFuel default 0 :=
[Atlantis_00A,*,*]:
2014 2015 2016 2017 2018 2019 2020 2021 2022 2023 2024 2025 2026 2027 2028 2029 2030 2031 2032 2033 2034 2035 2036 2037 2038 2039 2040 2041 2042 2043 2044 2045 2046 2047 2048 2049 2050 2051 2052 2053 2054 2055:=
EL_Residential 1 1 1 1 1 1 1 1 1 1 1 1 1 1 1 1 1 1 1 1 1 1 1 1 1 1 1 1 1 1 1 1 1 1 1 1 1 1 1 1 1 1
EL_Transmission 1 1 1 1 1 1 1 1 1 1 1 1 1 1 1 1 1 1 1 1 1 1 1 1 1 1 1 1 1 1 1 1 1 1 1 1 1 1 1 1 1 1
;

param RETagTechnology default 0 :=
[Atlantis_00A,*,*]:
2014 2015 2016 2017 2018 2019 2020 2021 2022 2023 2024 2025 2026 2027 2028 2029 2030 2031 2032 2033 2034 2035 2036 2037 2038 2039 2040 2041 2042 2043 2044 2045 2046 2047 2048 2049 2050 2051 2052 2053 2054 2055:=
BM_SC 1 1 1 1 1 1 1 1 1 1 1 1 1 1 1 1 1 1 1 1 1 1 1 1 1 1 1 1 1 1 1 1 1 1 1 1 1 1 1 1 1 1
GT_FC 1 1 1 1 1 1 1 1 1 1 1 1 1 1 1 1 1 1 1 1 1 1 1 1 1 1 1 1 1 1 1 1 1 1 1 1 1 1 1 1 1 1
HYDRO_DAM 1 1 1 1 1 1 1 1 1 1 1 1 1 1 1 1 1 1 1 1 1 1 1 1 1 1 1 1 1 1 1 1 1 1 1 1 1 1 1 1 1 1
HYDRO_MIN 1 1 1 1 1 1 1 1 1 1 1 1 1 1 1 1 1 1 1 1 1 1 1 1 1 1 1 1 1 1 1 1 1 1 1 1 1 1 1 1 1 1
PV_ROF 1 1 1 1 1 1 1 1 1 1 1 1 1 1 1 1 1 1 1 1 1 1 1 1 1 1 1 1 1 1 1 1 1 1 1 1 1 1 1 1 1 1
PV_UTL 1 1 1 1 1 1 1 1 1 1 1 1 1 1 1 1 1 1 1 1 1 1 1 1 1 1 1 1 1 1 1 1 1 1 1 1 1 1 1 1 1 1
WIND 1 1 1 1 1 1 1 1 1 1 1 1 1 1 1 1 1 1 1 1 1 1 1 1 1 1 1 1 1 1 1 1 1 1 1 1 1 1 1 1 1 1
;

param ReserveMargin default 1.2 :=
;

param ReserveMarginTagFuel default 0 :=
[Atlantis_00A,*,*]:
2014 2015 2016 2017 2018 2019 2020 2021 2022 2023 2024 2025 2026 2027 2028 2029 2030 2031 2032 2033 2034 2035 2036 2037 2038 2039 2040 2041 2042 2043 2044 2045 2046 2047 2048 2049 2050 2051 2052 2053 2054 2055:=
EL_Transmission 1 1 1 1 1 1 1 1 1 1 1 1 1 1 1 1 1 1 1 1 1 1 1 1 1 1 1 1 1 1 1 1 1 1 1 1 1 1 1 1 1 1
;

param ReserveMarginTagTechnology default 0 :=
[Atlantis_00A,*,*]:
2014 2015 2016 2017 2018 2019 2020 2021 2022 2023 2024 2025 2026 2027 2028 2029 2030 2031 2032 2033 2034 2035 2036 2037 2038 2039 2040 2041 2042 2043 2044 2045 2046 2047 2048 2049 2050 2051 2052 2053 2054 2055:=
DSGC 0.8 0.8 0.8 0.8 0.8 0.8 0.8 0.8 0.8 0.8 0.8 0.8 0.8 0.8 0.8 0.8 0.8 0.8 0.8 0.8 0.8 0.8 0.8 0.8 0.8 0.8 0.8 0.8 0.8 0.8 0.8 0.8 0.8 0.8 0.8 0.8 0.8 0.8 0.8 0.8 0.8 0.8
GT_FC 0.8 0.8 0.8 0.8 0.8 0.8 0.8 0.8 0.8 0.8 0.8 0.8 0.8 0.8 0.8 0.8 0.8 0.8 0.8 0.8 0.8 0.8 0.8 0.8 0.8 0.8 0.8 0.8 0.8 0.8 0.8 0.8 0.8 0.8 0.8 0.8 0.8 0.8 0.8 0.8 0.8 0.8
HYDRO_DAM 0.8 0.8 0.8 0.8 0.8 0.8 0.8 0.8 0.8 0.8 0.8 0.8 0.8 0.8 0.8 0.8 0.8 0.8 0.8 0.8 0.8 0.8 0.8 0.8 0.8 0.8 0.8 0.8 0.8 0.8 0.8 0.8 0.8 0.8 0.8 0.8 0.8 0.8 0.8 0.8 0.8 0.8
HYDRO_MIN 0.6 0.6 0.6 0.6 0.6 0.6 0.6 0.6 0.6 0.6 0.6 0.6 0.6 0.6 0.6 0.6 0.6 0.6 0.6 0.6 0.6 0.6 0.6 0.6 0.6 0.6 0.6 0.6 0.6 0.6 0.6 0.6 0.6 0.6 0.6 0.6 0.6 0.6 0.6 0.6 0.6 0.6
NGCC 0.7 0.7 0.7 0.7 0.7 0.7 0.7 0.7 0.7 0.7 0.7 0.7 0.7 0.7 0.7 0.7 0.7 0.7 0.7 0.7 0.7 0.7 0.7 0.7 0.7 0.7 0.7 0.7 0.7 0.7 0.7 0.7 0.7 0.7 0.7 0.7 0.7 0.7 0.7 0.7 0.7 0.7
NGSC 1 1 1 1 1 1 1 1 1 1 1 1 1 1 1 1 1 1 1 1 1 1 1 1 1 1 1 1 1 1 1 1 1 1 1 1 1 1 1 1 1 1
PV_ROF 0.1 0.1 0.1 0.1 0.1 0.1 0.1 0.1 0.1 0.1 0.1 0.1 0.1 0.1 0.1 0.1 0.1 0.1 0.1 0.1 0.1 0.1 0.1 0.1 0.1 0.1 0.1 0.1 0.1 0.1 0.1 0.1 0.1 0.1 0.1 0.1 0.1 0.1 0.1 0.1 0.1 0.1
PV_UTL 0.1 0.1 0.1 0.1 0.1 0.1 0.1 0.1 0.1 0.1 0.1 0.1 0.1 0.1 0.1 0.1 0.1 0.1 0.1 0.1 0.1 0.1 0.1 0.1 0.1 0.1 0.1 0.1 0.1 0.1 0.1 0.1 0.1 0.1 0.1 0.1 0.1 0.1 0.1 0.1 0.1 0.1
WIND 0.1 0.1 0.1 0.1 0.1 0.1 0.1 0.1 0.1 0.1 0.1 0.1 0.1 0.1 0.1 0.1 0.1 0.1 0.1 0.1 0.1 0.1 0.1 0.1 0.1 0.1 0.1 0.1 0.1 0.1 0.1 0.1 0.1 0.1 0.1 0.1 0.1 0.1 0.1 0.1 0.1 0.1
;

param ResidualCapacity default 0 :=
[Atlantis_00A,*,*]:
2014 2015 2016 2017 2018 2019 2020 2021 2022 2023 2024 2025 2026 2027 2028 2029 2030 2031 2032 2033 2034 2035 2036 2037 2038 2039 2040 2041 2042 2043 2044 2045 2046 2047 2048 2049 2050 2051 2052 2053 2054 2055:=
BM_SC 0.15 0.15 0.15 0.15 0.15 0.15 0.15 0.15 0.15 0.1277 0.1277 0.1277 0.1277 0.1277 0.1067 0.1067 0.1067 0.1067 0.1067 0.1067 0.1067 0.1067 0 0 0 0 0 0 0 0 0 0 0 0 0 0 0 0 0 0 0 0
DSGC 0.0394 0.0394 0.0394 0.0394 0.0394 0.0394 0.0394 0.03 0.03 0.03 0.03 0.03 0.03 0.03 0.03 0.03 0.03 0 0 0 0 0 0 0 0 0 0 0 0 0 0 0 0 0 0 0 0 0 0 0 0 0
HYDRO_DAM 0.494 0.495 0.495 0.62 0.666 0.7329 0.7329 0.7329 0.7329 0.7329 0.7329 0.7329 0.7329 0.7329 0.7329 0.7329 0.7329 0.7329 0.7329 0.7329 0.7329 0.7329 0.7329 0.7329 0.7329 0.7329 0.7329 0.7329 0.7329 0.7329 0.7329 0.7329 0.7329 0.7329 0.7329 0.7329 0.7329 0.7329 0 0 0 0
HYDRO_MIN 0.0019 0.0019 0.0019 0.0019 0.0019 0.0019 0.0019 0.0019 0.0019 0.0019 0.0019 0.0019 0.0019 0.0019 0.0019 0.0019 0.0019 0.0019 0.0019 0.0019 0.0019 0.0019 0.0019 0.0019 0.0019 0.0019 0.0019 0.0019 0.0019 0.0019 0.0019 0.0019 0.0019 0.0019 0.0019 0.0019 0.0019 0 0 0 0 0
NGCC 1.3568 1.3568 1.3173 1.3173 1.2938 1.2938 1.2938 1.2728 1.2728 1.6513 1.6513 1.6513 1.6513 1.6513 1.6513 1.6513 1.6513 1.2263 1.2263 0.7773 0.7773 0.7773 0.7773 0.7773 0.7773 0.7773 0.7773 0 0 0 0 0 0 0 0 0 0 0 0 0 0 0
NGSC 0.383 0.383 0.383 0.383 0.383 0.383 0.383 0.383 0.383 0.802 0.802 0.802 0.802 0.802 0.802 0.802 0.802 0.802 0.802 0 0 0 0 0 0 0 0 0 0 0 0 0 0 0 0 0 0 0 0 0 0 0
WIND 0.003 0.003 0.003 0.003 0.003 0.003 0.003 0.003 0.003 0.1314 0.1314 0.1314 0.1314 0.1314 0.1314 0.1314 0.1314 0.1314 0.1314 0.1314 0.1314 0.1314 0.1314 0.1314 0.1314 0.1314 0.1314 0.003 0.003 0 0 0 0 0 0 0 0 0 0 0 0 0
PV_UTL 0 0.013 0.013 0.013 0.013 0.013 0.013 0.013 0.013 0.16672 0.16672 0.16672 0.16672 0.16672 0.16672 0.16672 0.16672 0.16672 0.16672 0.16672 0.16672 0.16672 0 0 0 0 0 0 0 0 0 0 0 0 0 0 0 0 0 0 0 0

;

param SpecifiedAnnualDemand default 0 :=
[Atlantis_00A,*,*]:
2014 2015 2016 2017 2018 2019 2020 2021 2022 2023 2024 2025 2026 2027 2028 2029 2030 2031 2032 2033 2034 2035 2036 2037 2038 2039 2040 2041 2042 2043 2044 2045 2046 2047 2048 2049 2050 2051 2052 2053 2054 2055:=
EL_Industry 7.26 7.6 7.68 7.75 7.45 7.75 6.68 7.91 8.08 8.25 8.41 8.58 8.75 8.93 9.11 9.29 9.38 9.51 9.65 9.79 9.92 10.04 13.29 13.51 13.73 13.96 10.75 10.88 11.02 11.15 11.29 11.43 11.57 11.71 11.85 12 12.07 12.22 12.37 12.52 12.67 12.83
EL_Others 2.96 3.15 3.25 3.25 3.1 3.07 2.85 3.81 3.86 3.91 3.96 4.01 4.06 4.12 4.15 4.22 4.29 4.36 4.43 4.49 4.54 4.59 4.64 4.7 4.74 4.76 4.78 4.8 4.81 4.83 4.85 4.87 4.89 4.9 4.92 4.94 4.96 4.97 4.99 5.01 5.03 5.05
EL_Residential 10.1 10.77 11.37 11.61 11.95 12.25 13.12 13.1 13.59 13.92 14.25 14.59 14.94 15.3 15.67 16.05 16.2 16.62 17.06 17.5 17.96 18.31 18.84 19.38 19.93 20.5 20.93 21.53 22.14 22.77 23.42 24.09 24.78 25.48 26.21 26.96 26.9 27.67 28.46 29.27 30.1 30.96
EL_Services 6.29 6.8 7.2 7.49 7.84 8.07 7.4 8.61 8.84 9.08 9.33 9.58 9.83 10.1 10.19 10.38 10.57 10.77 10.97 11.14 11.29 11.44 11.6 11.76 11.89 12 12.11 12.22 12.34 12.45 12.56 12.68 12.79 12.91 12.98 13.1 13.22 13.34 13.46 13.59 13.71 13.84
EL_Transport 0.01 0.03 0.03 0.05 0.08 0.11 0.07 0.09 0.09 0.11 0.14 0.17 0.19 0.22 0.24 0.27 0.29 0.36 0.43 0.52 0.63 0.6 0.69 0.8 0.92 1.05 1.05 1.17 1.29 1.41 1.53 1.65 1.77 1.89 2.01 2.13 2.25 2.5 2.79 3.1 3.46 3.85
;

param SpecifiedDemandProfile default 0 :=
[Atlantis_00A,EL_Industry,*,*]:
2014 2015 2016 2017 2018 2019 2020 2021 2022 2023 2024 2025 2026 2027 2028 2029 2030 2031 2032 2033 2034 2035 2036 2037 2038 2039 2040 2041 2042 2043 2044 2045 2046 2047 2048 2049 2050 2051 2052 2053 2054 2055:=
ID 0.25 0.25 0.25 0.25 0.25 0.25 0.25 0.25 0.25 0.25 0.25 0.25 0.25 0.25 0.25 0.25 0.25 0.25 0.25 0.25 0.25 0.25 0.25 0.25 0.25 0.25 0.25 0.25 0.25 0.25 0.25 0.25 0.25 0.25 0.25 0.25 0.25 0.25 0.25 0.25 0.25 0.25
IN 0.25 0.25 0.25 0.25 0.25 0.25 0.25 0.25 0.25 0.25 0.25 0.25 0.25 0.25 0.25 0.25 0.25 0.25 0.25 0.25 0.25 0.25 0.25 0.25 0.25 0.25 0.25 0.25 0.25 0.25 0.25 0.25 0.25 0.25 0.25 0.25 0.25 0.25 0.25 0.25 0.25 0.25
SD 0.125 0.125 0.125 0.125 0.125 0.125 0.125 0.125 0.125 0.125 0.125 0.125 0.125 0.125 0.125 0.125 0.125 0.125 0.125 0.125 0.125 0.125 0.125 0.125 0.125 0.125 0.125 0.125 0.125 0.125 0.125 0.125 0.125 0.125 0.125 0.125 0.125 0.125 0.125 0.125 0.125 0.125
SN 0.125 0.125 0.125 0.125 0.125 0.125 0.125 0.125 0.125 0.125 0.125 0.125 0.125 0.125 0.125 0.125 0.125 0.125 0.125 0.125 0.125 0.125 0.125 0.125 0.125 0.125 0.125 0.125 0.125 0.125 0.125 0.125 0.125 0.125 0.125 0.125 0.125 0.125 0.125 0.125 0.125 0.125
WD 0.125 0.125 0.125 0.125 0.125 0.125 0.125 0.125 0.125 0.125 0.125 0.125 0.125 0.125 0.125 0.125 0.125 0.125 0.125 0.125 0.125 0.125 0.125 0.125 0.125 0.125 0.125 0.125 0.125 0.125 0.125 0.125 0.125 0.125 0.125 0.125 0.125 0.125 0.125 0.125 0.125 0.125
WN 0.125 0.125 0.125 0.125 0.125 0.125 0.125 0.125 0.125 0.125 0.125 0.125 0.125 0.125 0.125 0.125 0.125 0.125 0.125 0.125 0.125 0.125 0.125 0.125 0.125 0.125 0.125 0.125 0.125 0.125 0.125 0.125 0.125 0.125 0.125 0.125 0.125 0.125 0.125 0.125 0.125 0.125
[Atlantis_00A,EL_Others,*,*]:
2014 2015 2016 2017 2018 2019 2020 2021 2022 2023 2024 2025 2026 2027 2028 2029 2030 2031 2032 2033 2034 2035 2036 2037 2038 2039 2040 2041 2042 2043 2044 2045 2046 2047 2048 2049 2050 2051 2052 2053 2054 2055:=
ID 0.25 0.25 0.25 0.25 0.25 0.25 0.25 0.25 0.25 0.25 0.25 0.25 0.25 0.25 0.25 0.25 0.25 0.25 0.25 0.25 0.25 0.25 0.25 0.25 0.25 0.25 0.25 0.25 0.25 0.25 0.25 0.25 0.25 0.25 0.25 0.25 0.25 0.25 0.25 0.25 0.25 0.25
IN 0.25 0.25 0.25 0.25 0.25 0.25 0.25 0.25 0.25 0.25 0.25 0.25 0.25 0.25 0.25 0.25 0.25 0.25 0.25 0.25 0.25 0.25 0.25 0.25 0.25 0.25 0.25 0.25 0.25 0.25 0.25 0.25 0.25 0.25 0.25 0.25 0.25 0.25 0.25 0.25 0.25 0.25
SD 0.125 0.125 0.125 0.125 0.125 0.125 0.125 0.125 0.125 0.125 0.125 0.125 0.125 0.125 0.125 0.125 0.125 0.125 0.125 0.125 0.125 0.125 0.125 0.125 0.125 0.125 0.125 0.125 0.125 0.125 0.125 0.125 0.125 0.125 0.125 0.125 0.125 0.125 0.125 0.125 0.125 0.125
SN 0.125 0.125 0.125 0.125 0.125 0.125 0.125 0.125 0.125 0.125 0.125 0.125 0.125 0.125 0.125 0.125 0.125 0.125 0.125 0.125 0.125 0.125 0.125 0.125 0.125 0.125 0.125 0.125 0.125 0.125 0.125 0.125 0.125 0.125 0.125 0.125 0.125 0.125 0.125 0.125 0.125 0.125
WD 0.125 0.125 0.125 0.125 0.125 0.125 0.125 0.125 0.125 0.125 0.125 0.125 0.125 0.125 0.125 0.125 0.125 0.125 0.125 0.125 0.125 0.125 0.125 0.125 0.125 0.125 0.125 0.125 0.125 0.125 0.125 0.125 0.125 0.125 0.125 0.125 0.125 0.125 0.125 0.125 0.125 0.125
WN 0.125 0.125 0.125 0.125 0.125 0.125 0.125 0.125 0.125 0.125 0.125 0.125 0.125 0.125 0.125 0.125 0.125 0.125 0.125 0.125 0.125 0.125 0.125 0.125 0.125 0.125 0.125 0.125 0.125 0.125 0.125 0.125 0.125 0.125 0.125 0.125 0.125 0.125 0.125 0.125 0.125 0.125
[Atlantis_00A,EL_Residential,*,*]:
2014 2015 2016 2017 2018 2019 2020 2021 2022 2023 2024 2025 2026 2027 2028 2029 2030 2031 2032 2033 2034 2035 2036 2037 2038 2039 2040 2041 2042 2043 2044 2045 2046 2047 2048 2049 2050 2051 2052 2053 2054 2055:=
ID 0.25 0.25 0.25 0.25 0.25 0.25 0.25 0.25 0.25 0.25 0.25 0.25 0.25 0.25 0.25 0.25 0.25 0.25 0.25 0.25 0.25 0.25 0.25 0.25 0.25 0.25 0.25 0.25 0.25 0.25 0.25 0.25 0.25 0.25 0.25 0.25 0.25 0.25 0.25 0.25 0.25 0.25
IN 0.25 0.25 0.25 0.25 0.25 0.25 0.25 0.25 0.25 0.25 0.25 0.25 0.25 0.25 0.25 0.25 0.25 0.25 0.25 0.25 0.25 0.25 0.25 0.25 0.25 0.25 0.25 0.25 0.25 0.25 0.25 0.25 0.25 0.25 0.25 0.25 0.25 0.25 0.25 0.25 0.25 0.25
SD 0.125 0.125 0.125 0.125 0.125 0.125 0.125 0.125 0.125 0.125 0.125 0.125 0.125 0.125 0.125 0.125 0.125 0.125 0.125 0.125 0.125 0.125 0.125 0.125 0.125 0.125 0.125 0.125 0.125 0.125 0.125 0.125 0.125 0.125 0.125 0.125 0.125 0.125 0.125 0.125 0.125 0.125
SN 0.125 0.125 0.125 0.125 0.125 0.125 0.125 0.125 0.125 0.125 0.125 0.125 0.125 0.125 0.125 0.125 0.125 0.125 0.125 0.125 0.125 0.125 0.125 0.125 0.125 0.125 0.125 0.125 0.125 0.125 0.125 0.125 0.125 0.125 0.125 0.125 0.125 0.125 0.125 0.125 0.125 0.125
WD 0.125 0.125 0.125 0.125 0.125 0.125 0.125 0.125 0.125 0.125 0.125 0.125 0.125 0.125 0.125 0.125 0.125 0.125 0.125 0.125 0.125 0.125 0.125 0.125 0.125 0.125 0.125 0.125 0.125 0.125 0.125 0.125 0.125 0.125 0.125 0.125 0.125 0.125 0.125 0.125 0.125 0.125
WN 0.125 0.125 0.125 0.125 0.125 0.125 0.125 0.125 0.125 0.125 0.125 0.125 0.125 0.125 0.125 0.125 0.125 0.125 0.125 0.125 0.125 0.125 0.125 0.125 0.125 0.125 0.125 0.125 0.125 0.125 0.125 0.125 0.125 0.125 0.125 0.125 0.125 0.125 0.125 0.125 0.125 0.125
[Atlantis_00A,EL_Services,*,*]:
2014 2015 2016 2017 2018 2019 2020 2021 2022 2023 2024 2025 2026 2027 2028 2029 2030 2031 2032 2033 2034 2035 2036 2037 2038 2039 2040 2041 2042 2043 2044 2045 2046 2047 2048 2049 2050 2051 2052 2053 2054 2055:=
ID 0.25 0.25 0.25 0.25 0.25 0.25 0.25 0.25 0.25 0.25 0.25 0.25 0.25 0.25 0.25 0.25 0.25 0.25 0.25 0.25 0.25 0.25 0.25 0.25 0.25 0.25 0.25 0.25 0.25 0.25 0.25 0.25 0.25 0.25 0.25 0.25 0.25 0.25 0.25 0.25 0.25 0.25
IN 0.25 0.25 0.25 0.25 0.25 0.25 0.25 0.25 0.25 0.25 0.25 0.25 0.25 0.25 0.25 0.25 0.25 0.25 0.25 0.25 0.25 0.25 0.25 0.25 0.25 0.25 0.25 0.25 0.25 0.25 0.25 0.25 0.25 0.25 0.25 0.25 0.25 0.25 0.25 0.25 0.25 0.25
SD 0.125 0.125 0.125 0.125 0.125 0.125 0.125 0.125 0.125 0.125 0.125 0.125 0.125 0.125 0.125 0.125 0.125 0.125 0.125 0.125 0.125 0.125 0.125 0.125 0.125 0.125 0.125 0.125 0.125 0.125 0.125 0.125 0.125 0.125 0.125 0.125 0.125 0.125 0.125 0.125 0.125 0.125
SN 0.125 0.125 0.125 0.125 0.125 0.125 0.125 0.125 0.125 0.125 0.125 0.125 0.125 0.125 0.125 0.125 0.125 0.125 0.125 0.125 0.125 0.125 0.125 0.125 0.125 0.125 0.125 0.125 0.125 0.125 0.125 0.125 0.125 0.125 0.125 0.125 0.125 0.125 0.125 0.125 0.125 0.125
WD 0.125 0.125 0.125 0.125 0.125 0.125 0.125 0.125 0.125 0.125 0.125 0.125 0.125 0.125 0.125 0.125 0.125 0.125 0.125 0.125 0.125 0.125 0.125 0.125 0.125 0.125 0.125 0.125 0.125 0.125 0.125 0.125 0.125 0.125 0.125 0.125 0.125 0.125 0.125 0.125 0.125 0.125
WN 0.125 0.125 0.125 0.125 0.125 0.125 0.125 0.125 0.125 0.125 0.125 0.125 0.125 0.125 0.125 0.125 0.125 0.125 0.125 0.125 0.125 0.125 0.125 0.125 0.125 0.125 0.125 0.125 0.125 0.125 0.125 0.125 0.125 0.125 0.125 0.125 0.125 0.125 0.125 0.125 0.125 0.125
[Atlantis_00A,EL_Transport,*,*]:
2014 2015 2016 2017 2018 2019 2020 2021 2022 2023 2024 2025 2026 2027 2028 2029 2030 2031 2032 2033 2034 2035 2036 2037 2038 2039 2040 2041 2042 2043 2044 2045 2046 2047 2048 2049 2050 2051 2052 2053 2054 2055:=
ID 0.25 0.25 0.25 0.25 0.25 0.25 0.25 0.25 0.25 0.25 0.25 0.25 0.25 0.25 0.25 0.25 0.25 0.25 0.25 0.25 0.25 0.25 0.25 0.25 0.25 0.25 0.25 0.25 0.25 0.25 0.25 0.25 0.25 0.25 0.25 0.25 0.25 0.25 0.25 0.25 0.25 0.25
IN 0.25 0.25 0.25 0.25 0.25 0.25 0.25 0.25 0.25 0.25 0.25 0.25 0.25 0.25 0.25 0.25 0.25 0.25 0.25 0.25 0.25 0.25 0.25 0.25 0.25 0.25 0.25 0.25 0.25 0.25 0.25 0.25 0.25 0.25 0.25 0.25 0.25 0.25 0.25 0.25 0.25 0.25
SD 0.125 0.125 0.125 0.125 0.125 0.125 0.125 0.125 0.125 0.125 0.125 0.125 0.125 0.125 0.125 0.125 0.125 0.125 0.125 0.125 0.125 0.125 0.125 0.125 0.125 0.125 0.125 0.125 0.125 0.125 0.125 0.125 0.125 0.125 0.125 0.125 0.125 0.125 0.125 0.125 0.125 0.125
SN 0.125 0.125 0.125 0.125 0.125 0.125 0.125 0.125 0.125 0.125 0.125 0.125 0.125 0.125 0.125 0.125 0.125 0.125 0.125 0.125 0.125 0.125 0.125 0.125 0.125 0.125 0.125 0.125 0.125 0.125 0.125 0.125 0.125 0.125 0.125 0.125 0.125 0.125 0.125 0.125 0.125 0.125
WD 0.125 0.125 0.125 0.125 0.125 0.125 0.125 0.125 0.125 0.125 0.125 0.125 0.125 0.125 0.125 0.125 0.125 0.125 0.125 0.125 0.125 0.125 0.125 0.125 0.125 0.125 0.125 0.125 0.125 0.125 0.125 0.125 0.125 0.125 0.125 0.125 0.125 0.125 0.125 0.125 0.125 0.125
WN 0.125 0.125 0.125 0.125 0.125 0.125 0.125 0.125 0.125 0.125 0.125 0.125 0.125 0.125 0.125 0.125 0.125 0.125 0.125 0.125 0.125 0.125 0.125 0.125 0.125 0.125 0.125 0.125 0.125 0.125 0.125 0.125 0.125 0.125 0.125 0.125 0.125 0.125 0.125 0.125 0.125 0.125
;

param TotalAnnualMaxCapacity default 99999 :=
;

param TotalAnnualMaxCapacityInvestment default 99999 :=
;

param TotalAnnualMinCapacity default 0 :=
;

param TotalAnnualMinCapacityInvestment default 0 :=
;

param TotalTechnologyAnnualActivityLowerLimit default 0 :=
;

param TotalTechnologyAnnualActivityUpperLimit default 99999 :=
;

param TotalTechnologyModelPeriodActivityLowerLimit default 0 :=
;

param TotalTechnologyModelPeriodActivityUpperLimit default 99999 :=
;

param TradeRoute default 0 :=
;

param VariableCost default 0.0001 :=
[Atlantis_00A,CONS_DS,*,*]:
2014 2015 2016 2017 2018 2019 2020 2021 2022 2023 2024 2025 2026 2027 2028 2029 2030 2031 2032 2033 2034 2035 2036 2037 2038 2039 2040 2041 2042 2043 2044 2045 2046 2047 2048 2049 2050 2051 2052 2053 2054 2055:=
1 16 16 16 16 16 16 16 16 16 16 16 16 16 16 16 16 16 16 16 16 16 16 16 16 16 16 16 16 16 16 16 16 16 16 16 16 16 16 16 16 16 16
[Atlantis_00A,CONS_HF,*,*]:
2014 2015 2016 2017 2018 2019 2020 2021 2022 2023 2024 2025 2026 2027 2028 2029 2030 2031 2032 2033 2034 2035 2036 2037 2038 2039 2040 2041 2042 2043 2044 2045 2046 2047 2048 2049 2050 2051 2052 2053 2054 2055:=
1 16 16 16 16 16 16 16 16 16 16 16 16 16 16 16 16 16 16 16 16 16 16 16 16 16 16 16 16 16 16 16 16 16 16 16 16 16 16 16 16 16 16
[Atlantis_00A,CONS_NG,*,*]:
2014 2015 2016 2017 2018 2019 2020 2021 2022 2023 2024 2025 2026 2027 2028 2029 2030 2031 2032 2033 2034 2035 2036 2037 2038 2039 2040 2041 2042 2043 2044 2045 2046 2047 2048 2049 2050 2051 2052 2053 2054 2055:=
1 7.0689 7.0689 7.0689 7.0689 7.0689 7.0689 7.0689 7.0689 7.0689 7.0689 7.0689 7.0689 7.0689 7.0689 7.0689 7.0689 7.0689 7.0689 7.0689 7.0689 7.0689 7.0689 7.0689 7.0689 7.0689 7.0689 7.0689 7.0689 7.0689 7.0689 7.0689 7.0689 7.0689 7.0689 7.0689 7.0689 7.0689 7.0689 7.0689 7.0689 7.0689 7.0689
[Atlantis_00A,DSGC,*,*]:
2014 2015 2016 2017 2018 2019 2020 2021 2022 2023 2024 2025 2026 2027 2028 2029 2030 2031 2032 2033 2034 2035 2036 2037 2038 2039 2040 2041 2042 2043 2044 2045 2046 2047 2048 2049 2050 2051 2052 2053 2054 2055:=
1 77.5755 77.5755 77.5755 77.5755 77.5755 77.5755 77.5755 77.5755 77.5755 77.5755 77.5755 77.5755 77.5755 77.5755 77.5755 77.5755 77.5755 77.5755 77.5755 77.5755 77.5755 77.5755 77.5755 77.5755 77.5755 77.5755 77.5755 77.5755 77.5755 77.5755 77.5755 77.5755 77.5755 77.5755 77.5755 77.5755 77.5755 77.5755 77.5755 77.5755 77.5755 77.5755
[Atlantis_00A,NGCC,*,*]:
2014 2015 2016 2017 2018 2019 2020 2021 2022 2023 2024 2025 2026 2027 2028 2029 2030 2031 2032 2033 2034 2035 2036 2037 2038 2039 2040 2041 2042 2043 2044 2045 2046 2047 2048 2049 2050 2051 2052 2053 2054 2055:=
1 2.3648 2.3648 2.3648 2.3648 2.3648 2.3648 2.3648 2.3648 2.3648 2.3648 2.3648 2.3648 2.3648 2.3648 2.3648 2.3648 2.3648 2.3648 2.3648 2.3648 2.3648 2.3648 2.3648 2.3648 2.3648 2.3648 2.3648 2.3648 2.3648 2.3648 2.3648 2.3648 2.3648 2.3648 2.3648 2.3648 2.3648 2.3648 2.3648 2.3648 2.3648 2.3648
[Atlantis_00A,NGSC,*,*]:
2014 2015 2016 2017 2018 2019 2020 2021 2022 2023 2024 2025 2026 2027 2028 2029 2030 2031 2032 2033 2034 2035 2036 2037 2038 2039 2040 2041 2042 2043 2044 2045 2046 2047 2048 2049 2050 2051 2052 2053 2054 2055:=
1 3.6094 3.6094 3.6094 3.6094 3.6094 3.6094 3.6094 3.6094 3.6094 3.6094 3.6094 3.6094 3.6094 3.6094 3.6094 3.6094 3.6094 3.6094 3.6094 3.6094 3.6094 3.6094 3.6094 3.6094 3.6094 3.6094 3.6094 3.6094 3.6094 3.6094 3.6094 3.6094 3.6094 3.6094 3.6094 3.6094 3.6094 3.6094 3.6094 3.6094 3.6094 3.6094
;

param YearSplit default 0 :
2014 2015 2016 2017 2018 2019 2020 2021 2022 2023 2024 2025 2026 2027 2028 2029 2030 2031 2032 2033 2034 2035 2036 2037 2038 2039 2040 2041 2042 2043 2044 2045 2046 2047 2048 2049 2050 2051 2052 2053 2054 2055:=
ID 0.25 0.25 0.25 0.25 0.25 0.25 0.25 0.25 0.25 0.25 0.25 0.25 0.25 0.25 0.25 0.25 0.25 0.25 0.25 0.25 0.25 0.25 0.25 0.25 0.25 0.25 0.25 0.25 0.25 0.25 0.25 0.25 0.25 0.25 0.25 0.25 0.25 0.25 0.25 0.25 0.25 0.25
IN 0.25 0.25 0.25 0.25 0.25 0.25 0.25 0.25 0.25 0.25 0.25 0.25 0.25 0.25 0.25 0.25 0.25 0.25 0.25 0.25 0.25 0.25 0.25 0.25 0.25 0.25 0.25 0.25 0.25 0.25 0.25 0.25 0.25 0.25 0.25 0.25 0.25 0.25 0.25 0.25 0.25 0.25
SD 0.125 0.125 0.125 0.125 0.125 0.125 0.125 0.125 0.125 0.125 0.125 0.125 0.125 0.125 0.125 0.125 0.125 0.125 0.125 0.125 0.125 0.125 0.125 0.125 0.125 0.125 0.125 0.125 0.125 0.125 0.125 0.125 0.125 0.125 0.125 0.125 0.125 0.125 0.125 0.125 0.125 0.125
SN 0.125 0.125 0.125 0.125 0.125 0.125 0.125 0.125 0.125 0.125 0.125 0.125 0.125 0.125 0.125 0.125 0.125 0.125 0.125 0.125 0.125 0.125 0.125 0.125 0.125 0.125 0.125 0.125 0.125 0.125 0.125 0.125 0.125 0.125 0.125 0.125 0.125 0.125 0.125 0.125 0.125 0.125
WD 0.125 0.125 0.125 0.125 0.125 0.125 0.125 0.125 0.125 0.125 0.125 0.125 0.125 0.125 0.125 0.125 0.125 0.125 0.125 0.125 0.125 0.125 0.125 0.125 0.125 0.125 0.125 0.125 0.125 0.125 0.125 0.125 0.125 0.125 0.125 0.125 0.125 0.125 0.125 0.125 0.125 0.125
WN 0.125 0.125 0.125 0.125 0.125 0.125 0.125 0.125 0.125 0.125 0.125 0.125 0.125 0.125 0.125 0.125 0.125 0.125 0.125 0.125 0.125 0.125 0.125 0.125 0.125 0.125 0.125 0.125 0.125 0.125 0.125 0.125 0.125 0.125 0.125 0.125 0.125 0.125 0.125 0.125 0.125 0.125
;

#
end;
